0.0             0.000000e+00    0.000000e+00    
1.0             8.083942e-01    8.083942e-01    
2.0             1.110764e+00    1.512574e+00    
3.0             1.512574e+00    6.693209e-01    
4.0             6.693209e-01    6.371464e-01    
5.0             6.371464e-01    1.008298e+00    
6.0             1.008298e+00    2.208661e+00    
7.0             1.219387e+00    2.136109e+00    
8.0             2.208661e+00    1.367292e+00    
9.0             2.136109e+00    1.216864e+00    
10.0            1.367292e+00    9.939902e-01    
11.0            1.216864e+00    8.876912e-01    
12.0            1.411962e+00    1.415199e+00    
13.0            9.939902e-01    1.064394e+00    
14.0            8.876912e-01    1.012336e+00    
15.0            1.415199e+00    1.337056e+00    
16.0            1.064394e+00    1.356049e+00    
17.0            1.358964e+00    6.237837e-01    
18.0            1.012336e+00    9.405563e-01    
19.0            1.337056e+00    5.820604e-02    
20.0            1.356049e+00    -2.569022e-02   
21.0            6.237837e-01    5.680555e-01    
22.0            4.308181e-01    9.363039e-01    
23.0            9.405563e-01    1.254486e+00    
24.0            5.820604e-02    1.928314e+00    
25.0            -2.569022e-02   2.038571e+00    
26.0            5.680555e-01    2.130757e+00    
27.0            1.212146e+00    1.933243e+00    
28.0            9.363039e-01    1.113514e+00    
29.0            1.254486e+00    1.532464e+00    
30.0            1.928314e+00    -3.318918e-01   
31.0            2.038571e+00    -1.298877e+00   
32.0            2.481410e+00    -1.015147e+00   
33.0            2.130757e+00    -5.312618e-01   
34.0            1.933243e+00    -7.844173e-01   
35.0            1.113514e+00    -2.130021e-01   
36.0            1.532464e+00    -1.098670e+00   
37.0            6.641412e-01    -1.055997e+00   
38.0            -3.318918e-01   -2.934477e+00   
39.0            -1.298877e+00   -3.562110e+00   
40.0            -1.015147e+00   -3.095988e+00   
41.0            -5.312618e-01   -3.018950e+00   
42.0            -1.612858e-02   -4.200660e+00   
43.0            -7.844173e-01   -5.181458e+00   
44.0            -2.130021e-01   -5.205956e+00   
45.0            -1.098670e+00   -5.346598e+00   
46.0            -1.055997e+00   -6.064415e+00   
47.0            -1.966796e+00   -6.249279e+00   
48.0            -2.934477e+00   -6.755370e+00   
49.0            -3.562110e+00   -7.035282e+00   
50.0            -3.095988e+00   -7.063715e+00   
51.0            -3.018950e+00   -6.466110e+00   
52.0            -3.258674e+00   -6.385838e+00   
53.0            -4.200660e+00   -6.202075e+00   
54.0            -5.181458e+00   -5.348133e+00   
55.0            -5.205956e+00   -4.516636e+00   
56.0            -5.346598e+00   -5.365047e+00   
57.0            -5.259324e+00   -4.972977e+00   
58.0            -6.064415e+00   -3.275659e+00   
59.0            -6.249279e+00   -2.409357e+00   
60.0            -6.755370e+00   -3.089501e+00   
61.0            -7.035282e+00   -2.609913e+00   
62.0            -6.890111e+00   -3.696521e+00   
63.0            -7.063715e+00   -4.503018e+00   
64.0            -6.466110e+00   -5.079582e+00   
65.0            -6.385838e+00   -5.490042e+00   
66.0            -6.202075e+00   -5.965977e+00   
67.0            -5.609510e+00   -6.465354e+00   
68.0            -5.348133e+00   -6.911989e+00   
69.0            -4.516636e+00   -6.779674e+00   
70.0            -5.365047e+00   -6.330999e+00   
71.0            -4.972977e+00   -7.124795e+00   
72.0            -4.096320e+00   -6.362459e+00   
73.0            -3.275659e+00   -6.243883e+00   
74.0            -2.409357e+00   -6.306165e+00   
75.0            -3.089501e+00   -5.484322e+00   
76.0            -2.609913e+00   -5.959588e+00   
77.0            -3.350168e+00   -5.470126e+00   
78.0            -3.696521e+00   -5.658837e+00   
79.0            -4.503018e+00   -5.005440e+00   
80.0            -5.079582e+00   -4.692299e+00   
81.0            -5.490042e+00   -4.106803e+00   
82.0            -5.444247e+00   -3.256731e+00   
83.0            -5.965977e+00   -3.502831e+00   
84.0            -6.465354e+00   -3.355082e+00   
85.0            -6.911989e+00   -3.046568e+00   
86.0            -6.779674e+00   -2.327409e+00   
87.0            -7.273390e+00   -3.229271e+00   
88.0            -6.330999e+00   -3.213782e+00   
89.0            -7.124795e+00   -2.604926e+00   
90.0            -6.362459e+00   -2.020349e+00   
91.0            -6.243883e+00   -1.248214e+00   
92.0            -6.900566e+00   -1.760183e+00   
93.0            -6.306165e+00   -2.721010e+00   
94.0            -5.484322e+00   -3.606861e+00   
95.0            -5.959588e+00   -3.417566e+00   
96.0            -5.470126e+00   -3.200975e+00   
97.0            -4.806759e+00   -4.152169e+00   
98.0            -5.658837e+00   -4.415188e+00   
99.0            -5.005440e+00   -3.779217e+00   
100.0           -4.692299e+00   -2.930939e+00   
101.0           -4.106803e+00   -2.211493e+00   
102.0           -3.814610e+00   -1.504128e+00   
103.0           -3.256731e+00   -1.083296e+00   
104.0           -3.502831e+00   -7.890557e-01   
105.0           -3.355082e+00   -4.138644e-01   
106.0           -3.046568e+00   -1.895286e+00   
107.0           -2.501861e+00   -2.584743e+00   
108.0           -2.327409e+00   -2.213470e+00   
109.0           -3.229271e+00   -2.050475e+00   
110.0           -3.213782e+00   -3.198092e+00   
111.0           -2.604926e+00   -4.177374e+00   
112.0           -2.442965e+00   -5.062204e+00   
113.0           -2.020349e+00   -5.832522e+00   
114.0           -1.248214e+00   -5.122040e+00   
115.0           -1.760183e+00   -5.536220e+00   
116.0           -2.721010e+00   -5.152904e+00   
117.0           -3.312391e+00   -5.334949e+00   
118.0           -3.606861e+00   -5.673643e+00   
119.0           -3.417566e+00   -5.180888e+00   
120.0           -3.200975e+00   -5.174536e+00   
121.0           -4.152169e+00   -5.307018e+00   
122.0           -4.610098e+00   -4.935472e+00   
123.0           -4.415188e+00   -5.555120e+00   
124.0           -3.779217e+00   -6.345912e+00   
125.0           -2.930939e+00   -5.619993e+00   
126.0           -2.211493e+00   -5.094680e+00   
127.0           -2.491237e+00   -6.084301e+00   
128.0           -1.504128e+00   -5.434160e+00   
129.0           -1.083296e+00   -4.823901e+00   
130.0           -7.890557e-01   -4.838599e+00   
131.0           -4.138644e-01   -5.102055e+00   
132.0           -1.289881e+00   -5.271750e+00   
133.0           -1.895286e+00   -4.545233e+00   
134.0           -2.584743e+00   -3.308862e+00   
135.0           -2.213470e+00   -3.198343e+00   
136.0           -2.050475e+00   -3.135013e+00   
137.0           -2.955876e+00   -2.282273e+00   
138.0           -3.198092e+00   -2.632045e+00   
139.0           -4.177374e+00   -2.609549e+00   
140.0           -5.062204e+00   -2.617090e+00   
141.0           -5.832522e+00   -2.575873e+00   
142.0           -5.811110e+00   -2.716774e+00   
143.0           -5.122040e+00   -2.983363e+00   
144.0           -5.536220e+00   -2.982310e+00   
145.0           -5.152904e+00   -3.755519e+00   
146.0           -5.334949e+00   -3.882509e+00   
147.0           -4.742981e+00   -3.801970e+00   
148.0           -5.673643e+00   -3.607062e+00   
149.0           -5.180888e+00   -3.592430e+00   
150.0           -5.174536e+00   -3.779744e+00   
151.0           -5.307018e+00   -3.872253e+00   
152.0           -5.633634e+00   -3.935863e+00   
153.0           -4.935472e+00   -2.991763e+00   
154.0           -5.555120e+00   -4.002936e+00   
155.0           -6.345912e+00   -3.988581e+00   
156.0           -5.619993e+00   -3.558774e+00   
157.0           -4.666866e+00   -3.800150e+00   
158.0           -5.094680e+00   -3.753910e+00   
159.0           -6.084301e+00   -4.128916e+00   
160.0           -5.434160e+00   -3.444934e+00   
161.0           -4.823901e+00   -3.079859e+00   
162.0           -4.288332e+00   -2.588612e+00   
163.0           -4.838599e+00   -2.312600e+00   
164.0           -5.102055e+00   -3.160843e+00   
165.0           -5.271750e+00   -2.979648e+00   
166.0           -4.545233e+00   -3.186263e+00   
167.0           -4.306809e+00   -3.623479e+00   
168.0           -3.308862e+00   -3.602752e+00   
169.0           -3.198343e+00   -3.857743e+00   
170.0           -3.135013e+00   -4.153011e+00   
171.0           -2.282273e+00   -4.379314e+00   
172.0           -3.119784e+00   -5.054053e+00   
173.0           -2.632045e+00   -4.937120e+00   
174.0           -2.609549e+00   -4.384901e+00   
175.0           -2.617090e+00   -5.210198e+00   
176.0           -2.575873e+00   -5.360445e+00   
177.0           -2.531928e+00   -5.660504e+00   
178.0           -2.716774e+00   -5.475351e+00   
179.0           -2.983363e+00   -5.251544e+00   
180.0           -2.982310e+00   -4.606904e+00   
181.0           -3.755519e+00   -4.088255e+00   
182.0           -3.266362e+00   -4.741964e+00   
183.0           -3.882509e+00   -4.994031e+00   
184.0           -3.801970e+00   -5.116556e+00   
185.0           -3.607062e+00   -6.066283e+00   
186.0           -3.592430e+00   -7.355493e+00   
187.0           -3.184672e+00   -7.303252e+00   
188.0           -3.779744e+00   -7.007225e+00   
189.0           -3.872253e+00   -6.295761e+00   
190.0           -3.935863e+00   -6.310747e+00   
191.0           -2.991763e+00   -6.571351e+00   
192.0           -3.002950e+00   -7.539924e+00   
193.0           -4.002936e+00   -6.830443e+00   
194.0           -3.988581e+00   -7.567285e+00   
195.0           -3.558774e+00   -8.342157e+00   
196.0           -3.800150e+00   -8.725965e+00   
197.0           -3.177524e+00   -8.602334e+00   
198.0           -3.753910e+00   -9.328121e+00   
199.0           -4.128916e+00   -1.024486e+01   
200.0           -3.444934e+00   -1.092172e+01   
201.0           -3.079859e+00   -1.133304e+01   
202.0           -3.531269e+00   -1.099167e+01   
203.0           -2.588612e+00   -1.133547e+01   
204.0           -2.312600e+00   -1.092443e+01   
205.0           -3.160843e+00   -1.037843e+01   
206.0           -2.979648e+00   -1.082007e+01   
207.0           -2.578664e+00   -1.160754e+01   
208.0           -3.186263e+00   -1.238558e+01   
209.0           -3.623479e+00   -1.236871e+01   
210.0           -3.602752e+00   -1.190300e+01   
211.0           -3.857743e+00   -1.112806e+01   
212.0           -4.574692e+00   -1.135611e+01   
213.0           -4.153011e+00   -1.188691e+01   
214.0           -4.379314e+00   -1.234023e+01   
215.0           -5.054053e+00   -1.251701e+01   
216.0           -4.937120e+00   -1.221776e+01   
217.0           -4.249489e+00   -1.132339e+01   
218.0           -4.384901e+00   -1.154502e+01   
219.0           -5.210198e+00   -1.183845e+01   
220.0           -5.360445e+00   -1.259274e+01   
221.0           -5.660504e+00   -1.327233e+01   
222.0           -4.866482e+00   -1.293250e+01   
223.0           -5.475351e+00   -1.341626e+01   
224.0           -5.251544e+00   -1.375916e+01   
225.0           -4.606904e+00   -1.456172e+01   
226.0           -4.088255e+00   -1.453477e+01   
227.0           -4.677418e+00   -1.368238e+01   
228.0           -4.741964e+00   -1.270150e+01   
229.0           -4.994031e+00   -1.353480e+01   
230.0           -5.116556e+00   -1.303619e+01   
231.0           -6.066283e+00   -1.253633e+01   
232.0           -6.503964e+00   -1.255623e+01   
233.0           -7.355493e+00   -1.349571e+01   
234.0           -7.303252e+00   -1.397847e+01   
235.0           -7.007225e+00   -1.318862e+01   
236.0           -6.295761e+00   -1.236153e+01   
237.0           -5.635605e+00   -1.271219e+01   
238.0           -6.310747e+00   -1.195233e+01   
239.0           -6.571351e+00   -1.127873e+01   
240.0           -7.539924e+00   -1.054350e+01   
241.0           -6.830443e+00   -1.100752e+01   
242.0           -6.847657e+00   -1.175183e+01   
243.0           -7.567285e+00   -1.181295e+01   
244.0           -8.342157e+00   -1.113873e+01   
245.0           -8.725965e+00   -1.081826e+01   
246.0           -8.602334e+00   -1.201918e+01   
247.0           -9.335442e+00   -1.269356e+01   
248.0           -9.328121e+00   -1.302869e+01   
249.0           -1.024486e+01   -1.367141e+01   
250.0           -1.092172e+01   -1.497939e+01   
251.0           -1.133304e+01   -1.522932e+01   
252.0           -1.126364e+01   -1.524471e+01   
253.0           -1.099167e+01   -1.503066e+01   
254.0           -1.133547e+01   -1.426251e+01   
255.0           -1.092443e+01   -1.419060e+01   
256.0           -1.037843e+01   -1.506559e+01   
257.0           -1.121820e+01   -1.583668e+01   
258.0           -1.082007e+01   -1.558316e+01   
259.0           -1.160754e+01   -1.565741e+01   
260.0           -1.238558e+01   -1.523056e+01   
261.0           -1.236871e+01   -1.501358e+01   
262.0           -1.248432e+01   -1.499766e+01   
263.0           -1.190300e+01   -1.420602e+01   
264.0           -1.112806e+01   -1.455588e+01   
265.0           -1.135611e+01   -1.356881e+01   
266.0           -1.188691e+01   -1.448669e+01   
267.0           -1.205818e+01   -1.365031e+01   
268.0           -1.234023e+01   -1.392513e+01   
269.0           -1.251701e+01   -1.320677e+01   
270.0           -1.221776e+01   -1.364784e+01   
271.0           -1.132339e+01   -1.420381e+01   
272.0           -1.093546e+01   -1.491055e+01   
273.0           -1.154502e+01   -1.431235e+01   
274.0           -1.183845e+01   -1.360813e+01   
275.0           -1.259274e+01   -1.303993e+01   
276.0           -1.327233e+01   -1.224985e+01   
277.0           -1.335753e+01   -1.226020e+01   
278.0           -1.293250e+01   -1.231040e+01   
279.0           -1.341626e+01   -1.271548e+01   
280.0           -1.375916e+01   -1.322325e+01   
281.0           -1.456172e+01   -1.361968e+01   
282.0           -1.401423e+01   -1.436673e+01   
283.0           -1.453477e+01   -1.492167e+01   
284.0           -1.368238e+01   -1.550434e+01   
285.0           -1.270150e+01   -1.455259e+01   
286.0           -1.353480e+01   -1.560591e+01   
287.0           -1.291240e+01   -1.553285e+01   
288.0           -1.303619e+01   -1.510312e+01   
289.0           -1.253633e+01   -1.508411e+01   
290.0           -1.255623e+01   -1.547395e+01   
291.0           -1.349571e+01   -1.527589e+01   
292.0           -1.314069e+01   -1.488398e+01   
293.0           -1.397847e+01   -1.551965e+01   
294.0           -1.318862e+01   -1.563606e+01   
295.0           -1.236153e+01   -1.484856e+01   
296.0           -1.271219e+01   -1.500457e+01   
297.0           -1.274401e+01   -1.536737e+01   
298.0           -1.195233e+01   -1.583174e+01   
299.0           -1.127873e+01   -1.604808e+01   
300.0           -1.054350e+01   -1.525053e+01   
301.0           -1.100752e+01   -1.519710e+01   
302.0           -1.118547e+01   -1.473483e+01   
303.0           -1.175183e+01   -1.396792e+01   
304.0           -1.181295e+01   -1.491584e+01   
305.0           -1.113873e+01   -1.576630e+01   
306.0           -1.081826e+01   -1.503854e+01   
307.0           -1.108677e+01   -1.501075e+01   
308.0           -1.201918e+01   -1.567983e+01   
309.0           -1.269356e+01   -1.552303e+01   
310.0           -1.302869e+01   -1.557366e+01   
311.0           -1.367141e+01   -1.471077e+01   
312.0           -1.438434e+01   -1.432234e+01   
313.0           -1.497939e+01   -1.399311e+01   
314.0           -1.522932e+01   -1.394352e+01   
315.0           -1.524471e+01   -1.350909e+01   
316.0           -1.503066e+01   -1.340575e+01   
317.0           -1.446800e+01   -1.398903e+01   
318.0           -1.426251e+01   -1.412858e+01   
319.0           -1.419060e+01   -1.487584e+01   
320.0           -1.506559e+01   -1.543252e+01   
321.0           -1.583668e+01   -1.601891e+01   
322.0           -1.635114e+01   -1.547487e+01   
323.0           -1.558316e+01   -1.491565e+01   
324.0           -1.565741e+01   -1.495384e+01   
325.0           -1.523056e+01   -1.646158e+01   
326.0           -1.501358e+01   -1.613427e+01   
327.0           -1.458098e+01   -1.675403e+01   
328.0           -1.499766e+01   -1.646172e+01   
329.0           -1.420602e+01   -1.587551e+01   
330.0           -1.455588e+01   -1.606899e+01   
331.0           -1.356881e+01   -1.606114e+01   
332.0           -1.447783e+01   -1.607067e+01   
333.0           -1.448669e+01   -1.490638e+01   
334.0           -1.365031e+01   -1.451298e+01   
335.0           -1.392513e+01   -1.470590e+01   
336.0           -1.320677e+01   -1.419991e+01   
337.0           -1.288988e+01   -1.451451e+01   
338.0           -1.364784e+01   -1.473910e+01   
339.0           -1.420381e+01   -1.438402e+01   
340.0           -1.491055e+01   -1.407838e+01   
341.0           -1.431235e+01   -1.379984e+01   
342.0           -1.340273e+01   -1.437270e+01   
343.0           -1.360813e+01   -1.369951e+01   
344.0           -1.303993e+01   -1.463422e+01   
345.0           -1.224985e+01   -1.450585e+01   
346.0           -1.226020e+01   -1.520033e+01   
347.0           -1.265412e+01   -1.434837e+01   
348.0           -1.231040e+01   -1.404001e+01   
349.0           -1.271548e+01   -1.244721e+01   
350.0           -1.322325e+01   -1.236906e+01   
351.0           -1.361968e+01   -1.220268e+01   
352.0           -1.366724e+01   -1.159168e+01   
353.0           -1.436673e+01   -1.011329e+01   
354.0           -1.492167e+01   -1.026937e+01   
355.0           -1.550434e+01   -1.053165e+01   
356.0           -1.455259e+01   -1.001664e+01   
357.0           -1.490106e+01   -1.086811e+01   
358.0           -1.560591e+01   -1.116380e+01   
359.0           -1.553285e+01   -1.096264e+01   
360.0           -1.510312e+01   -1.022667e+01   
361.0           -1.508411e+01   -1.168133e+01   
362.0           -1.472975e+01   -1.237277e+01   
363.0           -1.547395e+01   -1.225143e+01   
364.0           -1.527589e+01   -1.196550e+01   
365.0           -1.488398e+01   -1.195481e+01   
366.0           -1.551965e+01   -1.226468e+01   
367.0           -1.596336e+01   -1.321135e+01   
368.0           -1.563606e+01   -1.363521e+01   
369.0           -1.484856e+01   -1.284747e+01   
370.0           -1.500457e+01   -1.239528e+01   
371.0           -1.536737e+01   -1.154661e+01   
372.0           -1.539326e+01   -1.246246e+01   
373.0           -1.583174e+01   -1.227257e+01   
374.0           -1.604808e+01   -1.223848e+01   
375.0           -1.525053e+01   -1.206650e+01   
376.0           -1.499412e+01   -1.122265e+01   
377.0           -1.519710e+01   -1.180384e+01   
378.0           -1.473483e+01   -1.275660e+01   
379.0           -1.396792e+01   -1.234673e+01   
380.0           -1.491584e+01   -1.212552e+01   
381.0           -1.545612e+01   -1.249915e+01   
382.0           -1.576630e+01   -1.280073e+01   
383.0           -1.503854e+01   -1.279279e+01   
384.0           -1.501075e+01   -1.376455e+01   
385.0           -1.567983e+01   -1.312473e+01   
386.0           -1.606481e+01   -1.344940e+01   
387.0           -1.552303e+01   -1.251494e+01   
388.0           -1.557366e+01   -1.169868e+01   
389.0           -1.471077e+01   -1.226243e+01   
390.0           -1.432234e+01   -1.279206e+01   
391.0           -1.337434e+01   -1.259153e+01   
392.0           -1.399311e+01   -1.269489e+01   
393.0           -1.394352e+01   -1.192282e+01   
394.0           -1.350909e+01   -1.111666e+01   
395.0           -1.340575e+01   -1.050234e+01   
396.0           -1.315397e+01   -1.013084e+01   
397.0           -1.398903e+01   -9.962709e+00   
398.0           -1.412858e+01   -9.724382e+00   
399.0           -1.487584e+01   -1.487584e+01   
400.0           -1.543252e+01   -1.543252e+01   
401.0           -1.563916e+01   -1.563916e+01   
402.0           -1.601891e+01   -1.601891e+01   
403.0           -1.547487e+01   -1.547487e+01   
404.0           -1.491565e+01   -1.491565e+01   
405.0           -1.495384e+01   -1.495384e+01   
406.0           -1.550596e+01   -1.550596e+01   
407.0           -1.646158e+01   -1.646158e+01   
408.0           -1.613427e+01   -1.613427e+01   
409.0           -1.675403e+01   -1.675403e+01   
410.0           -1.646172e+01   -1.646172e+01   
411.0           -1.559388e+01   -1.559388e+01   
412.0           -1.587551e+01   -1.587551e+01   
413.0           -1.606899e+01   -1.606899e+01   
414.0           -1.606114e+01   -1.606114e+01   
415.0           -1.607067e+01   -1.607067e+01   
416.0           -1.528130e+01   -1.528130e+01   
417.0           -1.490638e+01   -1.490638e+01   
418.0           -1.451298e+01   -1.451298e+01   
419.0           -1.470590e+01   -1.470590e+01   
420.0           -1.419991e+01   -1.419991e+01   
421.0           -1.383866e+01   -1.383866e+01   
422.0           -1.451451e+01   -1.451451e+01   
423.0           -1.473910e+01   -1.473910e+01   
424.0           -1.438402e+01   -1.438402e+01   
425.0           -1.407838e+01   -1.407838e+01   
426.0           -1.439662e+01   -1.439662e+01   
427.0           -1.379984e+01   -1.379984e+01   
428.0           -1.437270e+01   -1.437270e+01   
429.0           -1.369951e+01   -1.369951e+01   
430.0           -1.463422e+01   -1.463422e+01   
431.0           -1.533624e+01   -1.533624e+01   
432.0           -1.450585e+01   -1.450585e+01   
433.0           -1.520033e+01   -1.520033e+01   
434.0           -1.434837e+01   -1.434837e+01   
435.0           -1.404001e+01   -1.404001e+01   
436.0           -1.324769e+01   -1.324769e+01   
437.0           -1.244721e+01   -1.244721e+01   
438.0           -1.236906e+01   -1.236906e+01   
439.0           -1.220268e+01   -1.220268e+01   
440.0           -1.159168e+01   -1.159168e+01   
441.0           -1.093678e+01   -1.093678e+01   
442.0           -1.011329e+01   -1.011329e+01   
443.0           -1.026937e+01   -1.026937e+01   
444.0           -1.053165e+01   -1.053165e+01   
445.0           -1.001664e+01   -1.001664e+01   
446.0           -1.071047e+01   -1.071047e+01   
447.0           -1.086811e+01   -1.086811e+01   
448.0           -1.116380e+01   -1.116380e+01   
449.0           -1.096264e+01   -1.096264e+01   
450.0           -1.022667e+01   -1.022667e+01   
451.0           -1.103362e+01   -1.103362e+01   
452.0           -1.168133e+01   -1.168133e+01   
453.0           -1.237277e+01   -1.237277e+01   
454.0           -1.225143e+01   -1.225143e+01   
455.0           -1.196550e+01   -1.196550e+01   
456.0           -1.208762e+01   -1.208762e+01   
457.0           -1.195481e+01   -1.195481e+01   
458.0           -1.226468e+01   -1.226468e+01   
459.0           -1.321135e+01   -1.321135e+01   
460.0           -1.363521e+01   -1.363521e+01   
461.0           -1.320637e+01   -1.320637e+01   
462.0           -1.284747e+01   -1.284747e+01   
463.0           -1.239528e+01   -1.239528e+01   
464.0           -1.154661e+01   -1.154661e+01   
465.0           -1.246246e+01   -1.246246e+01   
466.0           -1.268901e+01   -1.268901e+01   
467.0           -1.227257e+01   -1.227257e+01   
468.0           -1.223848e+01   -1.223848e+01   
469.0           -1.206650e+01   -1.206650e+01   
470.0           -1.122265e+01   -1.122265e+01   
471.0           -1.173062e+01   -1.173062e+01   
472.0           -1.180384e+01   -1.180384e+01   
473.0           -1.275660e+01   -1.275660e+01   
474.0           -1.234673e+01   -1.234673e+01   
475.0           -1.212552e+01   -1.212552e+01   
476.0           -1.265720e+01   -1.265720e+01   
477.0           -1.249915e+01   -1.249915e+01   
478.0           -1.280073e+01   -1.280073e+01   
479.0           -1.279279e+01   -1.279279e+01   
480.0           -1.376455e+01   -1.376455e+01   
481.0           -1.369692e+01   -1.369692e+01   
482.0           -1.312473e+01   -1.312473e+01   
483.0           -1.344940e+01   -1.344940e+01   
484.0           -1.251494e+01   -1.251494e+01   
485.0           -1.169868e+01   -1.169868e+01   
486.0           -1.147934e+01   -1.147934e+01   
487.0           -1.226243e+01   -1.226243e+01   
488.0           -1.279206e+01   -1.279206e+01   
489.0           -1.259153e+01   -1.259153e+01   
490.0           -1.269489e+01   -1.269489e+01   
491.0           -1.234787e+01   -1.234787e+01   
492.0           -1.192282e+01   -1.192282e+01   
493.0           -1.111666e+01   -1.111666e+01   
494.0           -1.050234e+01   -1.050234e+01   
495.0           -1.013084e+01   -1.013084e+01   
496.0           -1.066659e+01   -1.066659e+01   
497.0           -9.962709e+00   -9.962709e+00   
498.0           -9.724382e+00   -9.724382e+00   
499.0           -1.009575e+01   -1.009575e+01   
500.0           -1.101138e+01   -1.101138e+01   
501.0           -1.140966e+01   -1.140966e+01   
502.0           -1.102329e+01   -1.102329e+01   
503.0           -1.173218e+01   -1.173218e+01   
504.0           -1.201419e+01   -1.201419e+01   
505.0           -1.106923e+01   -1.106923e+01   
506.0           -1.136234e+01   -1.136234e+01   
507.0           -1.168896e+01   -1.168896e+01   
508.0           -1.201020e+01   -1.201020e+01   
509.0           -1.104563e+01   -1.104563e+01   
510.0           -1.039017e+01   -1.039017e+01   
511.0           -1.103546e+01   -1.103546e+01   
512.0           -1.197032e+01   -1.197032e+01   
513.0           -1.197334e+01   -1.197334e+01   
514.0           -1.225206e+01   -1.225206e+01   
515.0           -1.184514e+01   -1.184514e+01   
516.0           -1.135859e+01   -1.135859e+01   
517.0           -1.182539e+01   -1.182539e+01   
518.0           -1.161913e+01   -1.161913e+01   
519.0           -1.081252e+01   -1.081252e+01   
520.0           -1.028037e+01   -1.028037e+01   
521.0           -9.878013e+00   -9.878013e+00   
522.0           -9.755194e+00   -9.755194e+00   
523.0           -1.003988e+01   -1.003988e+01   
524.0           -9.768274e+00   -9.768274e+00   
525.0           -1.051386e+01   -1.051386e+01   
526.0           -1.096269e+01   -1.096269e+01   
527.0           -1.023564e+01   -1.023564e+01   
528.0           -9.476714e+00   -9.476714e+00   
529.0           -9.397480e+00   -9.397480e+00   
530.0           -9.512048e+00   -9.512048e+00   
531.0           -9.101008e+00   -9.101008e+00   
532.0           -8.596563e+00   -8.596563e+00   
533.0           -7.712626e+00   -7.712626e+00   
534.0           -7.914967e+00   -7.914967e+00   
535.0           -7.396064e+00   -7.396064e+00   
536.0           -7.209364e+00   -7.209364e+00   
537.0           -6.361745e+00   -6.361745e+00   
538.0           -6.899385e+00   -6.899385e+00   
539.0           -6.821030e+00   -6.821030e+00   
540.0           -7.325750e+00   -7.325750e+00   
541.0           -7.043356e+00   -7.043356e+00   
542.0           -7.434346e+00   -7.434346e+00   
543.0           -7.172080e+00   -7.172080e+00   
544.0           -7.245007e+00   -7.245007e+00   
545.0           -6.693068e+00   -6.693068e+00   
546.0           -7.384850e+00   -7.384850e+00   
547.0           -6.984964e+00   -6.984964e+00   
548.0           -7.382261e+00   -7.382261e+00   
549.0           -7.648783e+00   -7.648783e+00   
550.0           -7.601279e+00   -7.601279e+00   
551.0           -7.812957e+00   -7.812957e+00   
552.0           -8.086485e+00   -8.086485e+00   
553.0           -7.830049e+00   -7.830049e+00   
554.0           -8.214508e+00   -8.214508e+00   
555.0           -9.148721e+00   -9.148721e+00   
556.0           -9.966392e+00   -9.966392e+00   
557.0           -1.095565e+01   -1.095565e+01   
558.0           -1.136655e+01   -1.136655e+01   
559.0           -1.054236e+01   -1.054236e+01   
560.0           -1.060239e+01   -1.060239e+01   
561.0           -1.011240e+01   -1.011240e+01   
562.0           -9.307510e+00   -9.307510e+00   
563.0           -9.440397e+00   -9.440397e+00   
564.0           -1.000106e+01   -1.000106e+01   
565.0           -1.058145e+01   -1.058145e+01   
566.0           -1.048275e+01   -1.048275e+01   
567.0           -1.142249e+01   -1.142249e+01   
568.0           -1.049395e+01   -1.049395e+01   
569.0           -1.147695e+01   -1.147695e+01   
570.0           -1.066943e+01   -1.066943e+01   
571.0           -1.159446e+01   -1.159446e+01   
572.0           -1.074544e+01   -1.074544e+01   
573.0           -1.020425e+01   -1.020425e+01   
574.0           -1.114921e+01   -1.114921e+01   
575.0           -1.165771e+01   -1.165771e+01   
576.0           -1.186378e+01   -1.186378e+01   
577.0           -1.275306e+01   -1.275306e+01   
578.0           -1.307330e+01   -1.307330e+01   
579.0           -1.236630e+01   -1.236630e+01   
580.0           -1.205693e+01   -1.205693e+01   
581.0           -1.215253e+01   -1.215253e+01   
582.0           -1.233826e+01   -1.233826e+01   
583.0           -1.145374e+01   -1.145374e+01   
584.0           -1.058872e+01   -1.058872e+01   
585.0           -1.078290e+01   -1.078290e+01   
586.0           -1.019478e+01   -1.019478e+01   
587.0           -1.041208e+01   -1.041208e+01   
588.0           -9.722284e+00   -9.722284e+00   
589.0           -9.409235e+00   -9.409235e+00   
590.0           -9.207909e+00   -9.207909e+00   
591.0           -9.486279e+00   -9.486279e+00   
592.0           -8.636438e+00   -8.636438e+00   
593.0           -8.529800e+00   -8.529800e+00   
594.0           -7.825707e+00   -7.825707e+00   
595.0           -8.656394e+00   -8.656394e+00   
596.0           -7.716349e+00   -7.716349e+00   
597.0           -7.662034e+00   -7.662034e+00   
598.0           -7.443961e+00   -7.443961e+00   
599.0           -6.970187e+00   -6.970187e+00   
600.0           -6.902766e+00   -6.902766e+00   
601.0           -7.275207e+00   -7.275207e+00   
602.0           -7.227225e+00   -7.227225e+00   
603.0           -7.107615e+00   -7.107615e+00   
604.0           -7.684319e+00   -7.684319e+00   
605.0           -7.968987e+00   -7.968987e+00   
606.0           -7.811607e+00   -7.811607e+00   
607.0           -8.257910e+00   -8.257910e+00   
608.0           -8.584674e+00   -8.584674e+00   
609.0           -7.942290e+00   -7.942290e+00   
610.0           -7.121825e+00   -7.121825e+00   
611.0           -8.018504e+00   -8.018504e+00   
612.0           -8.380862e+00   -8.380862e+00   
613.0           -8.546536e+00   -8.546536e+00   
614.0           -7.634423e+00   -7.634423e+00   
615.0           -6.833440e+00   -6.833440e+00   
616.0           -7.540815e+00   -7.540815e+00   
617.0           -8.521882e+00   -8.521882e+00   
618.0           -8.260624e+00   -8.260624e+00   
619.0           -8.226930e+00   -8.226930e+00   
620.0           -8.237038e+00   -8.237038e+00   
621.0           -8.124119e+00   -8.124119e+00   
622.0           -7.355981e+00   -7.355981e+00   
623.0           -6.505459e+00   -6.505459e+00   
624.0           -6.529411e+00   -6.529411e+00   
625.0           -6.513751e+00   -6.513751e+00   
626.0           -5.939989e+00   -5.939989e+00   
627.0           -6.449236e+00   -6.449236e+00   
628.0           -6.663425e+00   -6.663425e+00   
629.0           -7.247267e+00   -7.247267e+00   
630.0           -7.776857e+00   -7.776857e+00   
631.0           -8.540901e+00   -8.540901e+00   
632.0           -8.650577e+00   -8.650577e+00   
633.0           -9.233837e+00   -9.233837e+00   
634.0           -9.279007e+00   -9.279007e+00   
635.0           -1.023618e+01   -1.023618e+01   
636.0           -1.013532e+01   -1.013532e+01   
637.0           -9.848498e+00   -9.848498e+00   
638.0           -8.997317e+00   -8.997317e+00   
639.0           -8.417637e+00   -8.417637e+00   
640.0           -7.757756e+00   -7.757756e+00   
641.0           -6.775521e+00   -6.775521e+00   
642.0           -7.506823e+00   -7.506823e+00   
643.0           -8.238908e+00   -8.238908e+00   
644.0           -7.543414e+00   -7.543414e+00   
645.0           -7.342857e+00   -7.342857e+00   
646.0           -7.533448e+00   -7.533448e+00   
647.0           -6.812500e+00   -6.812500e+00   
648.0           -6.040396e+00   -6.040396e+00   
649.0           -6.350524e+00   -6.350524e+00   
650.0           -6.946383e+00   -6.946383e+00   
651.0           -6.369971e+00   -6.369971e+00   
652.0           -5.730912e+00   -5.730912e+00   
653.0           -5.442441e+00   -5.442441e+00   
654.0           -5.512004e+00   -5.512004e+00   
655.0           -6.378360e+00   -6.378360e+00   
656.0           -5.417527e+00   -5.417527e+00   
657.0           -4.672504e+00   -4.672504e+00   
658.0           -3.818586e+00   -3.818586e+00   
659.0           -3.381755e+00   -3.381755e+00   
660.0           -2.575357e+00   -2.575357e+00   
661.0           -1.821727e+00   -1.821727e+00   
662.0           -1.286758e+00   -1.286758e+00   
663.0           -8.014435e-01   -8.014435e-01   
664.0           1.806145e-01    1.806145e-01    
665.0           1.016041e+00    1.016041e+00    
666.0           5.716129e-01    5.716129e-01    
667.0           -3.223707e-01   -3.223707e-01   
668.0           5.888101e-01    5.888101e-01    
669.0           1.296939e+00    1.296939e+00    
670.0           1.743394e+00    1.743394e+00    
671.0           2.432359e+00    2.432359e+00    
672.0           2.128267e+00    2.128267e+00    
673.0           2.735491e+00    2.735491e+00    
674.0           2.268138e+00    2.268138e+00    
675.0           2.733579e+00    2.733579e+00    
676.0           2.973619e+00    2.973619e+00    
677.0           3.630869e+00    3.630869e+00    
678.0           3.896776e+00    3.896776e+00    
679.0           3.196020e+00    3.196020e+00    
680.0           4.064983e+00    4.064983e+00    
681.0           3.903860e+00    3.903860e+00    
682.0           3.279237e+00    3.279237e+00    
683.0           2.344381e+00    2.344381e+00    
684.0           2.095969e+00    2.095969e+00    
685.0           2.453244e+00    2.453244e+00    
686.0           1.896473e+00    1.896473e+00    
687.0           2.501006e+00    2.501006e+00    
688.0           2.111976e+00    2.111976e+00    
689.0           1.401494e+00    1.401494e+00    
690.0           1.501413e+00    1.501413e+00    
691.0           2.478291e+00    2.478291e+00    
692.0           2.182637e+00    2.182637e+00    
693.0           1.456156e+00    1.456156e+00    
694.0           2.390270e+00    2.390270e+00    
695.0           2.656803e+00    2.656803e+00    
696.0           3.516828e+00    3.516828e+00    
697.0           3.215131e+00    3.215131e+00    
698.0           3.640316e+00    3.640316e+00    
699.0           4.198336e+00    4.198336e+00    
700.0           3.676021e+00    3.676021e+00    
701.0           3.041159e+00    3.041159e+00    
702.0           3.772745e+00    3.772745e+00    
703.0           4.631637e+00    4.631637e+00    
704.0           4.461906e+00    4.461906e+00    
705.0           5.373238e+00    5.373238e+00    
706.0           5.379584e+00    5.379584e+00    
707.0           5.107389e+00    5.107389e+00    
708.0           5.857200e+00    5.857200e+00    
709.0           6.280497e+00    6.280497e+00    
710.0           6.341720e+00    6.341720e+00    
711.0           6.498163e+00    6.498163e+00    
712.0           7.334348e+00    7.334348e+00    
713.0           7.947032e+00    7.947032e+00    
714.0           7.611090e+00    7.611090e+00    
715.0           8.468551e+00    8.468551e+00    
716.0           8.165422e+00    8.165422e+00    
717.0           8.854654e+00    8.854654e+00    
718.0           9.383804e+00    9.383804e+00    
719.0           9.910423e+00    9.910423e+00    
720.0           9.317952e+00    9.317952e+00    
721.0           9.954113e+00    9.954113e+00    
722.0           1.010259e+01    1.010259e+01    
723.0           1.097838e+01    1.097838e+01    
724.0           1.135562e+01    1.135562e+01    
725.0           1.133441e+01    1.133441e+01    
726.0           1.034626e+01    1.034626e+01    
727.0           1.062086e+01    1.062086e+01    
728.0           9.729846e+00    9.729846e+00    
729.0           9.064102e+00    9.064102e+00    
730.0           8.541224e+00    8.541224e+00    
731.0           9.233020e+00    9.233020e+00    
732.0           9.198065e+00    9.198065e+00    
733.0           8.238060e+00    8.238060e+00    
734.0           7.814905e+00    7.814905e+00    
735.0           8.108672e+00    8.108672e+00    
736.0           9.087265e+00    9.087265e+00    
737.0           1.006822e+01    1.006822e+01    
738.0           9.453906e+00    9.453906e+00    
739.0           9.989715e+00    9.989715e+00    
740.0           1.098673e+01    1.098673e+01    
741.0           1.035694e+01    1.035694e+01    
742.0           1.058031e+01    1.058031e+01    
743.0           1.045330e+01    1.045330e+01    
744.0           1.045230e+01    1.045230e+01    
745.0           1.013722e+01    1.013722e+01    
746.0           1.006798e+01    1.006798e+01    
747.0           1.038884e+01    1.038884e+01    
748.0           1.068551e+01    1.068551e+01    
749.0           1.090498e+01    1.090498e+01    
750.0           1.163696e+01    1.163696e+01    
751.0           1.164933e+01    1.164933e+01    
752.0           1.116497e+01    1.116497e+01    
753.0           1.095455e+01    1.095455e+01    
754.0           1.073821e+01    1.073821e+01    
755.0           1.136390e+01    1.136390e+01    
756.0           1.210388e+01    1.210388e+01    
757.0           1.211036e+01    1.211036e+01    
758.0           1.252267e+01    1.252267e+01    
759.0           1.162163e+01    1.162163e+01    
760.0           1.063746e+01    1.063746e+01    
761.0           9.874216e+00    9.874216e+00    
762.0           1.012855e+01    1.012855e+01    
763.0           1.052960e+01    1.052960e+01    
764.0           1.105603e+01    1.105603e+01    
765.0           1.093005e+01    1.093005e+01    
766.0           9.967950e+00    9.967950e+00    
767.0           1.026195e+01    1.026195e+01    
768.0           9.444903e+00    9.444903e+00    
769.0           1.031522e+01    1.031522e+01    
770.0           9.899638e+00    9.899638e+00    
771.0           9.900425e+00    9.900425e+00    
772.0           9.020228e+00    9.020228e+00    
773.0           8.630256e+00    8.630256e+00    
774.0           9.387511e+00    9.387511e+00    
775.0           9.870856e+00    9.870856e+00    
776.0           1.051050e+01    1.051050e+01    
777.0           9.667016e+00    9.667016e+00    
778.0           1.021556e+01    1.021556e+01    
779.0           1.085497e+01    1.085497e+01    
780.0           1.037736e+01    1.037736e+01    
781.0           1.103858e+01    1.103858e+01    
782.0           1.030874e+01    1.030874e+01    
783.0           9.451171e+00    9.451171e+00    
784.0           8.745422e+00    8.745422e+00    
785.0           9.042851e+00    9.042851e+00    
786.0           9.945770e+00    9.945770e+00    
787.0           9.823310e+00    9.823310e+00    
788.0           8.870335e+00    8.870335e+00    
789.0           8.335933e+00    8.335933e+00    
790.0           7.394254e+00    7.394254e+00    
791.0           7.361878e+00    7.361878e+00    
792.0           7.066213e+00    7.066213e+00    
793.0           7.280470e+00    7.280470e+00    
794.0           8.000740e+00    8.000740e+00    
795.0           7.237604e+00    7.237604e+00    
796.0           6.488389e+00    6.488389e+00    
797.0           7.318989e+00    7.318989e+00    
798.0           7.278328e+00    7.278328e+00    
799.0           7.903598e+00    7.903598e+00    
800.0           8.275212e+00    7.903598e+00    
801.0           7.652035e+00    8.275212e+00    
802.0           6.802236e+00    7.652035e+00    
803.0           7.348478e+00    6.802236e+00    
804.0           7.543014e+00    6.802236e+00    
805.0           7.126200e+00    7.348478e+00    
806.0           7.999420e+00    7.543014e+00    
807.0           8.469553e+00    7.126200e+00    
808.0           7.851693e+00    7.126200e+00    
809.0           7.807725e+00    7.999420e+00    
810.0           7.451744e+00    8.469553e+00    
811.0           7.572131e+00    7.851693e+00    
812.0           8.264455e+00    7.851693e+00    
813.0           7.483173e+00    7.807725e+00    
814.0           8.373486e+00    7.451744e+00    
815.0           8.958253e+00    7.572131e+00    
816.0           8.264164e+00    7.572131e+00    
817.0           7.539896e+00    8.264455e+00    
818.0           6.723007e+00    7.483173e+00    
819.0           7.095791e+00    8.373486e+00    
820.0           7.810498e+00    8.373486e+00    
821.0           8.585486e+00    8.958253e+00    
822.0           9.215349e+00    8.264164e+00    
823.0           1.020671e+01    7.539896e+00    
824.0           1.097664e+01    7.539896e+00    
825.0           1.101722e+01    6.723007e+00    
826.0           1.056715e+01    7.095791e+00    
827.0           1.153150e+01    7.810498e+00    
828.0           1.214159e+01    7.810498e+00    
829.0           1.179964e+01    8.585486e+00    
830.0           1.087783e+01    9.215349e+00    
831.0           1.126544e+01    1.020671e+01    
832.0           1.188428e+01    1.020671e+01    
833.0           1.220076e+01    1.097664e+01    
834.0           1.138135e+01    1.101722e+01    
835.0           1.147084e+01    1.056715e+01    
836.0           1.177889e+01    1.056715e+01    
837.0           1.242531e+01    1.153150e+01    
838.0           1.214085e+01    1.214159e+01    
839.0           1.239912e+01    1.179964e+01    
840.0           1.147615e+01    1.179964e+01    
841.0           1.221629e+01    1.087783e+01    
842.0           1.285460e+01    1.126544e+01    
843.0           1.185550e+01    1.188428e+01    
844.0           1.202444e+01    1.188428e+01    
845.0           1.182456e+01    1.220076e+01    
846.0           1.204529e+01    1.138135e+01    
847.0           1.175909e+01    1.147084e+01    
848.0           1.258561e+01    1.147084e+01    
849.0           1.351993e+01    1.177889e+01    
850.0           1.276643e+01    1.242531e+01    
851.0           1.214144e+01    1.214085e+01    
852.0           1.178489e+01    1.214085e+01    
853.0           1.228613e+01    1.239912e+01    
854.0           1.282876e+01    1.147615e+01    
855.0           1.273653e+01    1.221629e+01    
856.0           1.215103e+01    1.221629e+01    
857.0           1.175634e+01    1.285460e+01    
858.0           1.267715e+01    1.185550e+01    
859.0           1.229647e+01    1.202444e+01    
860.0           1.270306e+01    1.202444e+01    
861.0           1.205562e+01    1.182456e+01    
862.0           1.268303e+01    1.204529e+01    
863.0           1.206764e+01    1.175909e+01    
864.0           1.297226e+01    1.175909e+01    
865.0           1.227154e+01    1.258561e+01    
866.0           1.201059e+01    1.351993e+01    
867.0           1.273389e+01    1.276643e+01    
868.0           1.186382e+01    1.276643e+01    
869.0           1.202449e+01    1.214144e+01    
870.0           1.161542e+01    1.178489e+01    
871.0           1.182455e+01    1.228613e+01    
872.0           1.101071e+01    1.228613e+01    
873.0           1.030466e+01    1.282876e+01    
874.0           1.059274e+01    1.273653e+01    
875.0           1.134731e+01    1.215103e+01    
876.0           1.090343e+01    1.215103e+01    
877.0           1.163378e+01    1.175634e+01    
878.0           1.225872e+01    1.267715e+01    
879.0           1.148828e+01    1.229647e+01    
880.0           1.134337e+01    1.229647e+01    
881.0           1.194556e+01    1.270306e+01    
882.0           1.227232e+01    1.205562e+01    
883.0           1.187392e+01    1.268303e+01    
884.0           1.191396e+01    1.268303e+01    
885.0           1.161056e+01    1.206764e+01    
886.0           1.203706e+01    1.297226e+01    
887.0           1.136258e+01    1.227154e+01    
888.0           1.144364e+01    1.227154e+01    
889.0           1.100782e+01    1.201059e+01    
890.0           1.081183e+01    1.273389e+01    
891.0           1.087666e+01    1.186382e+01    
892.0           1.009682e+01    1.186382e+01    
893.0           9.217837e+00    1.202449e+01    
894.0           9.657284e+00    1.161542e+01    
895.0           9.649802e+00    1.182455e+01    
896.0           1.002424e+01    1.182455e+01    
897.0           9.028841e+00    1.101071e+01    
898.0           9.799831e+00    1.030466e+01    
899.0           9.697375e+00    1.030466e+01    
900.0           1.068212e+01    1.059274e+01    
901.0           9.761044e+00    1.134731e+01    
902.0           9.458134e+00    1.090343e+01    
903.0           8.572770e+00    1.090343e+01    
904.0           9.240247e+00    1.163378e+01    
905.0           9.671667e+00    1.225872e+01    
906.0           8.898237e+00    1.148828e+01    
907.0           8.796359e+00    1.148828e+01    
908.0           9.192852e+00    1.134337e+01    
909.0           1.015685e+01    1.194556e+01    
910.0           9.712019e+00    1.227232e+01    
911.0           9.988823e+00    1.227232e+01    
912.0           9.612364e+00    1.187392e+01    
913.0           8.865290e+00    1.191396e+01    
914.0           9.300324e+00    1.161056e+01    
915.0           8.955633e+00    1.161056e+01    
916.0           9.695548e+00    1.203706e+01    
917.0           1.043237e+01    1.136258e+01    
918.0           9.536478e+00    1.144364e+01    
919.0           1.000484e+01    1.144364e+01    
920.0           1.059345e+01    1.100782e+01    
921.0           1.008293e+01    1.081183e+01    
922.0           9.838102e+00    1.087666e+01    
923.0           8.886049e+00    1.087666e+01    
924.0           9.241491e+00    1.009682e+01    
925.0           9.085447e+00    9.217837e+00    
926.0           9.635157e+00    9.657284e+00    
927.0           9.164552e+00    9.657284e+00    
928.0           9.263620e+00    9.649802e+00    
929.0           1.022018e+01    1.002424e+01    
930.0           9.739950e+00    9.028841e+00    
931.0           9.840761e+00    9.028841e+00    
932.0           1.026512e+01    9.799831e+00    
933.0           1.029929e+01    9.697375e+00    
934.0           1.065049e+01    1.068212e+01    
935.0           9.841949e+00    1.068212e+01    
936.0           9.201683e+00    9.761044e+00    
937.0           9.597420e+00    9.458134e+00    
938.0           8.602025e+00    8.572770e+00    
939.0           8.900095e+00    8.572770e+00    
940.0           8.268687e+00    9.240247e+00    
941.0           9.066932e+00    9.671667e+00    
942.0           9.472822e+00    8.898237e+00    
943.0           9.536997e+00    8.898237e+00    
944.0           9.143427e+00    8.796359e+00    
945.0           9.673482e+00    9.192852e+00    
946.0           8.699392e+00    1.015685e+01    
947.0           9.655368e+00    1.015685e+01    
948.0           9.684792e+00    9.712019e+00    
949.0           1.034385e+01    9.988823e+00    
950.0           1.041317e+01    9.612364e+00    
951.0           9.832548e+00    9.612364e+00    
952.0           1.059945e+01    8.865290e+00    
953.0           1.011984e+01    9.300324e+00    
954.0           9.325382e+00    8.955633e+00    
955.0           1.008167e+01    8.955633e+00    
956.0           1.037089e+01    9.695548e+00    
957.0           1.040930e+01    1.043237e+01    
958.0           1.070941e+01    9.536478e+00    
959.0           9.833662e+00    9.536478e+00    
960.0           9.167968e+00    1.000484e+01    
961.0           8.967403e+00    1.059345e+01    
962.0           9.410130e+00    1.008293e+01    
963.0           8.452206e+00    1.008293e+01    
964.0           8.752373e+00    9.838102e+00    
965.0           8.679611e+00    8.886049e+00    
966.0           8.398050e+00    9.241491e+00    
967.0           7.973164e+00    9.241491e+00    
968.0           7.840463e+00    9.085447e+00    
969.0           7.600192e+00    9.635157e+00    
970.0           7.231786e+00    9.164552e+00    
971.0           7.209116e+00    9.164552e+00    
972.0           7.193326e+00    9.263620e+00    
973.0           6.279040e+00    1.022018e+01    
974.0           7.146372e+00    9.739950e+00    
975.0           7.129716e+00    9.739950e+00    
976.0           6.160450e+00    9.840761e+00    
977.0           6.432915e+00    1.026512e+01    
978.0           6.596366e+00    1.029929e+01    
979.0           5.768491e+00    1.029929e+01    
980.0           6.736567e+00    1.065049e+01    
981.0           7.736356e+00    9.841949e+00    
982.0           7.202108e+00    9.201683e+00    
983.0           7.067191e+00    9.201683e+00    
984.0           6.658297e+00    9.597420e+00    
985.0           7.171773e+00    8.602025e+00    
986.0           7.424724e+00    8.900095e+00    
987.0           8.299456e+00    8.900095e+00    
988.0           7.917061e+00    8.268687e+00    
989.0           8.237871e+00    9.066932e+00    
990.0           8.180442e+00    9.472822e+00    
991.0           7.266643e+00    9.472822e+00    
992.0           7.547398e+00    9.536997e+00    
993.0           7.620468e+00    9.143427e+00    
994.0           7.247620e+00    9.673482e+00    
995.0           7.579951e+00    9.673482e+00    
996.0           7.915315e+00    8.699392e+00    
997.0           6.930030e+00    9.655368e+00    
998.0           5.970526e+00    9.684792e+00    
999.0           6.284656e+00    9.684792e+00    
1000.0          6.229563e+00    1.034385e+01    
1001.0          7.055799e+00    1.041317e+01    
1002.0          6.672358e+00    9.832548e+00    
1003.0          7.094228e+00    9.832548e+00    
1004.0          7.879861e+00    1.059945e+01    
1005.0          8.827241e+00    1.011984e+01    
1006.0          8.606233e+00    9.325382e+00    
1007.0          8.834368e+00    9.325382e+00    
1008.0          9.719989e+00    1.008167e+01    
1009.0          1.025977e+01    1.037089e+01    
1010.0          1.044698e+01    1.040930e+01    
1011.0          1.059960e+01    1.040930e+01    
1012.0          9.810417e+00    1.070941e+01    
1013.0          9.943110e+00    9.833662e+00    
1014.0          1.050841e+01    9.167968e+00    
1015.0          1.084795e+01    9.167968e+00    
1016.0          1.166465e+01    8.967403e+00    
1017.0          1.235761e+01    9.410130e+00    
1018.0          1.231048e+01    8.452206e+00    
1019.0          1.145248e+01    8.452206e+00    
1020.0          1.195584e+01    8.752373e+00    
1021.0          1.232574e+01    8.679611e+00    
1022.0          1.306828e+01    8.398050e+00    
1023.0          1.384185e+01    8.398050e+00    
1024.0          1.318543e+01    7.973164e+00    
1025.0          1.267366e+01    7.840463e+00    
1026.0          1.238002e+01    7.600192e+00    
1027.0          1.304624e+01    7.600192e+00    
1028.0          1.324345e+01    7.231786e+00    
1029.0          1.374029e+01    7.209116e+00    
1030.0          1.410438e+01    7.193326e+00    
1031.0          1.496855e+01    7.193326e+00    
1032.0          1.435098e+01    6.279040e+00    
1033.0          1.387948e+01    7.146372e+00    
1034.0          1.438864e+01    7.129716e+00    
1035.0          1.477599e+01    7.129716e+00    
1036.0          1.481889e+01    6.160450e+00    
1037.0          1.480435e+01    6.432915e+00    
1038.0          1.528750e+01    6.596366e+00    
1039.0          1.620118e+01    6.596366e+00    
1040.0          1.663338e+01    5.768491e+00    
1041.0          1.677114e+01    6.736567e+00    
1042.0          1.664939e+01    7.736356e+00    
1043.0          1.700769e+01    7.736356e+00    
1044.0          1.633799e+01    7.202108e+00    
1045.0          1.644451e+01    7.067191e+00    
1046.0          1.719115e+01    6.658297e+00    
1047.0          1.715971e+01    6.658297e+00    
1048.0          1.627384e+01    7.171773e+00    
1049.0          1.707505e+01    7.424724e+00    
1050.0          1.718444e+01    8.299456e+00    
1051.0          1.759177e+01    8.299456e+00    
1052.0          1.821491e+01    7.917061e+00    
1053.0          1.860452e+01    8.237871e+00    
1054.0          1.818703e+01    8.180442e+00    
1055.0          1.915010e+01    8.180442e+00    
1056.0          2.004238e+01    7.266643e+00    
1057.0          2.074439e+01    7.547398e+00    
1058.0          2.002005e+01    7.620468e+00    
1059.0          1.952373e+01    7.620468e+00    
1060.0          1.859305e+01    7.247620e+00    
1061.0          1.919840e+01    7.579951e+00    
1062.0          1.996791e+01    7.915315e+00    
1063.0          1.905010e+01    7.915315e+00    
1064.0          1.843972e+01    6.930030e+00    
1065.0          1.827031e+01    5.970526e+00    
1066.0          1.821098e+01    6.284656e+00    
1067.0          1.841674e+01    6.284656e+00    
1068.0          1.936782e+01    6.229563e+00    
1069.0          2.036413e+01    7.055799e+00    
1070.0          2.104251e+01    6.672358e+00    
1071.0          2.073806e+01    6.672358e+00    
1072.0          2.095137e+01    7.094228e+00    
1073.0          2.059505e+01    7.879861e+00    
1074.0          1.972019e+01    8.827241e+00    
1075.0          1.951381e+01    8.827241e+00    
1076.0          1.915295e+01    8.606233e+00    
1077.0          1.913597e+01    8.834368e+00    
1078.0          2.010973e+01    9.719989e+00    
1079.0          2.082350e+01    9.719989e+00    
1080.0          2.152717e+01    1.025977e+01    
1081.0          2.127624e+01    1.044698e+01    
1082.0          2.084248e+01    1.059960e+01    
1083.0          2.102963e+01    1.059960e+01    
1084.0          2.064437e+01    9.810417e+00    
1085.0          1.971628e+01    9.943110e+00    
1086.0          1.978181e+01    1.050841e+01    
1087.0          2.050074e+01    1.050841e+01    
1088.0          2.002121e+01    1.084795e+01    
1089.0          1.961442e+01    1.166465e+01    
1090.0          2.042282e+01    1.235761e+01    
1091.0          1.967443e+01    1.235761e+01    
1092.0          1.939831e+01    1.231048e+01    
1093.0          1.858976e+01    1.145248e+01    
1094.0          1.768882e+01    1.195584e+01    
1095.0          1.840938e+01    1.195584e+01    
1096.0          1.889030e+01    1.232574e+01    
1097.0          1.951803e+01    1.306828e+01    
1098.0          1.868308e+01    1.384185e+01    
1099.0          1.927515e+01    1.384185e+01    
1100.0          1.860270e+01    1.318543e+01    
1101.0          1.778597e+01    1.267366e+01    
1102.0          1.855906e+01    1.238002e+01    
1103.0          1.844798e+01    1.238002e+01    
1104.0          1.801123e+01    1.304624e+01    
1105.0          1.894295e+01    1.324345e+01    
1106.0          1.903298e+01    1.374029e+01    
1107.0          1.847127e+01    1.374029e+01    
1108.0          1.798345e+01    1.410438e+01    
1109.0          1.765824e+01    1.496855e+01    
1110.0          1.743270e+01    1.435098e+01    
1111.0          1.754952e+01    1.435098e+01    
1112.0          1.803964e+01    1.387948e+01    
1113.0          1.880590e+01    1.438864e+01    
1114.0          1.980375e+01    1.477599e+01    
1115.0          2.052537e+01    1.477599e+01    
1116.0          2.054976e+01    1.481889e+01    
1117.0          2.060955e+01    1.480435e+01    
1118.0          2.072826e+01    1.528750e+01    
1119.0          2.149029e+01    1.528750e+01    
1120.0          2.229588e+01    1.620118e+01    
1121.0          2.233366e+01    1.663338e+01    
1122.0          2.140564e+01    1.677114e+01    
1123.0          2.135107e+01    1.677114e+01    
1124.0          2.044504e+01    1.664939e+01    
1125.0          2.125867e+01    1.700769e+01    
1126.0          2.044433e+01    1.633799e+01    
1127.0          1.986557e+01    1.633799e+01    
1128.0          2.072574e+01    1.644451e+01    
1129.0          1.987250e+01    1.719115e+01    
1130.0          1.897243e+01    1.715971e+01    
1131.0          1.892327e+01    1.715971e+01    
1132.0          1.873247e+01    1.627384e+01    
1133.0          1.860212e+01    1.707505e+01    
1134.0          1.934113e+01    1.718444e+01    
1135.0          1.842877e+01    1.718444e+01    
1136.0          1.904635e+01    1.759177e+01    
1137.0          1.824476e+01    1.821491e+01    
1138.0          1.911931e+01    1.860452e+01    
1139.0          1.829824e+01    1.860452e+01    
1140.0          1.750702e+01    1.818703e+01    
1141.0          1.779020e+01    1.915010e+01    
1142.0          1.750911e+01    2.004238e+01    
1143.0          1.805259e+01    2.004238e+01    
1144.0          1.775016e+01    2.074439e+01    
1145.0          1.780196e+01    2.002005e+01    
1146.0          1.800227e+01    1.952373e+01    
1147.0          1.753364e+01    1.952373e+01    
1148.0          1.828767e+01    1.859305e+01    
1149.0          1.919771e+01    1.919840e+01    
1150.0          1.929449e+01    1.996791e+01    
1151.0          1.863352e+01    1.996791e+01    
1152.0          1.920227e+01    1.905010e+01    
1153.0          1.838638e+01    1.843972e+01    
1154.0          1.843023e+01    1.827031e+01    
1155.0          1.886109e+01    1.827031e+01    
1156.0          1.820685e+01    1.821098e+01    
1157.0          1.853244e+01    1.841674e+01    
1158.0          1.811378e+01    1.936782e+01    
1159.0          1.732361e+01    1.936782e+01    
1160.0          1.662907e+01    2.036413e+01    
1161.0          1.747552e+01    2.104251e+01    
1162.0          1.834313e+01    2.073806e+01    
1163.0          1.852606e+01    2.073806e+01    
1164.0          1.907585e+01    2.095137e+01    
1165.0          1.978735e+01    2.059505e+01    
1166.0          1.925205e+01    1.972019e+01    
1167.0          1.953554e+01    1.972019e+01    
1168.0          2.035842e+01    1.951381e+01    
1169.0          1.984633e+01    1.915295e+01    
1170.0          1.953228e+01    1.913597e+01    
1171.0          1.977297e+01    1.913597e+01    
1172.0          1.996802e+01    2.010973e+01    
1173.0          2.090425e+01    2.082350e+01    
1174.0          2.130231e+01    2.152717e+01    
1175.0          2.223010e+01    2.152717e+01    
1176.0          2.223435e+01    2.127624e+01    
1177.0          2.215872e+01    2.084248e+01    
1178.0          2.204111e+01    2.102963e+01    
1179.0          2.251522e+01    2.102963e+01    
1180.0          2.152373e+01    2.064437e+01    
1181.0          2.207997e+01    1.971628e+01    
1182.0          2.146553e+01    1.978181e+01    
1183.0          2.205708e+01    1.978181e+01    
1184.0          2.269151e+01    2.050074e+01    
1185.0          2.192003e+01    2.002121e+01    
1186.0          2.224755e+01    1.961442e+01    
1187.0          2.229297e+01    1.961442e+01    
1188.0          2.174384e+01    2.042282e+01    
1189.0          2.270797e+01    1.967443e+01    
1190.0          2.249364e+01    1.939831e+01    
1191.0          2.198349e+01    1.939831e+01    
1192.0          2.253728e+01    1.858976e+01    
1193.0          2.235526e+01    1.768882e+01    
1194.0          2.319138e+01    1.840938e+01    
1195.0          2.418342e+01    1.840938e+01    
