0.0             0.000000e+00    0.000000e+00    
1.0             5.251083e-02    5.251083e-02    
2.0             1.048768e-01    1.569533e-01    
3.0             1.569533e-01    2.085968e-01    
4.0             2.085968e-01    2.596647e-01    
5.0             2.596647e-01    3.100161e-01    
6.0             3.100161e-01    4.080161e-01    
7.0             3.595121e-01    4.553942e-01    
8.0             4.080161e-01    5.015158e-01    
9.0             4.553942e-01    5.462535e-01    
10.0            5.015158e-01    6.310879e-01    
11.0            5.462535e-01    6.709505e-01    
12.0            5.894840e-01    7.089617e-01    
13.0            6.310879e-01    7.450167e-01    
14.0            6.709505e-01    8.108657e-01    
15.0            7.089617e-01    8.404781e-01    
16.0            7.450167e-01    8.677713e-01    
17.0            7.790160e-01    8.926700e-01    
18.0            8.108657e-01    9.350162e-01    
19.0            8.404781e-01    9.523468e-01    
20.0            8.677713e-01    9.670497e-01    
21.0            8.926700e-01    9.790841e-01    
22.0            9.151057e-01    9.950225e-01    
23.0            9.350162e-01    9.988824e-01    
24.0            9.523468e-01    9.999862e-01    
25.0            9.670497e-01    9.983307e-01    
26.0            9.790841e-01    9.867678e-01    
27.0            9.884169e-01    9.768924e-01    
28.0            9.950225e-01    9.643214e-01    
29.0            9.988824e-01    9.490895e-01    
30.0            9.999862e-01    9.108186e-01    
31.0            9.983307e-01    8.878852e-01    
32.0            9.939205e-01    8.625019e-01    
33.0            9.867678e-01    8.347386e-01    
34.0            9.768924e-01    7.723852e-01    
35.0            9.643214e-01    7.379671e-01    
36.0            9.490895e-01    7.015127e-01    
37.0            9.312389e-01    6.631227e-01    
38.0            9.108186e-01    5.809643e-01    
39.0            8.878852e-01    5.374227e-01    
40.0            8.625019e-01    4.923982e-01    
41.0            8.347386e-01    4.460150e-01    
42.0            8.046721e-01    3.496879e-01    
43.0            7.723852e-01    3.000098e-01    
44.0            7.379671e-01    2.495040e-01    
45.0            7.015127e-01    1.983096e-01    
46.0            6.631227e-01    9.442212e-02    
47.0            6.229029e-01    4.201562e-02    
48.0            5.809643e-01    -1.050681e-02   
49.0            5.374227e-01    -6.300024e-02   
50.0            4.923982e-01    -1.673212e-01   
51.0            4.460150e-01    -2.188610e-01   
52.0            3.984011e-01    -2.697968e-01   
53.0            3.496879e-01    -3.199881e-01   
54.0            3.000098e-01    -4.175860e-01   
55.0            2.495040e-01    -4.647232e-01   
56.0            1.983096e-01    -5.105781e-01   
57.0            1.465681e-01    -5.550241e-01   
58.0            9.442212e-02    -6.392034e-01   
59.0            4.201562e-02    -6.787043e-01   
60.0            -1.050681e-02   -7.163325e-01   
61.0            -6.300024e-02   -7.519841e-01   
62.0            -1.153198e-01   -8.169699e-01   
63.0            -1.673212e-01   -8.461247e-01   
64.0            -2.188610e-01   -8.729449e-01   
65.0            -2.697968e-01   -8.973563e-01   
66.0            -3.199881e-01   -9.386904e-01   
67.0            -3.692966e-01   -9.554990e-01   
68.0            -4.175860e-01   -9.696712e-01   
69.0            -4.647232e-01   -9.811677e-01   
70.0            -5.105781e-01   -9.960146e-01   
71.0            -5.550241e-01   -9.993239e-01   
72.0            -5.979387e-01   -9.998758e-01   
73.0            -6.392034e-01   -9.976688e-01   
74.0            -6.787043e-01   -9.850098e-01   
75.0            -7.163325e-01   -9.745928e-01   
76.0            -7.519841e-01   -9.614866e-01   
77.0            -7.855608e-01   -9.457274e-01   
78.0            -8.169699e-01   -9.064311e-01   
79.0            -8.461247e-01   -8.830024e-01   
80.0            -8.729449e-01   -8.571372e-01   
81.0            -8.973563e-01   -8.289070e-01   
82.0            -9.192916e-01   -7.656691e-01   
83.0            -9.386904e-01   -7.308360e-01   
84.0            -9.554990e-01   -6.939862e-01   
85.0            -9.696712e-01   -6.552216e-01   
86.0            -9.811677e-01   -5.723804e-01   
87.0            -9.899569e-01   -5.285325e-01   
88.0            -9.960146e-01   -4.832262e-01   
89.0            -9.993239e-01   -4.365865e-01   
90.0            -9.998758e-01   -3.398251e-01   
91.0            -9.976688e-01   -2.899705e-01   
92.0            -9.927089e-01   -2.393157e-01   
93.0            -9.850098e-01   -1.880005e-01   
94.0            -9.745928e-01   -8.395704e-02   
95.0            -9.614866e-01   -3.151578e-02   
96.0            -9.457274e-01   2.101245e-02    
97.0            -9.273587e-01   7.348270e-02    
98.0            -9.064311e-01   1.776707e-01    
99.0            -8.830024e-01   2.291010e-01    
100.0           -8.571372e-01   2.798991e-01    
101.0           -8.289070e-01   3.299248e-01    
102.0           -7.983895e-01   4.271098e-01    
103.0           -7.656691e-01   4.740008e-01    
104.0           -7.308360e-01   5.195840e-01    
105.0           -6.939862e-01   5.637334e-01    
106.0           -6.552216e-01   6.472482e-01    
107.0           -6.146490e-01   6.863832e-01    
108.0           -5.723804e-01   7.236242e-01    
109.0           -5.285325e-01   7.588685e-01    
110.0           -4.832262e-01   8.229839e-01    
111.0           -4.365865e-01   8.516780e-01    
112.0           -3.887421e-01   8.780221e-01    
113.0           -3.398251e-01   9.019435e-01    
114.0           -2.899705e-01   9.422609e-01    
115.0           -2.393157e-01   9.585457e-01    
116.0           -1.880005e-01   9.721857e-01    
117.0           -1.361666e-01   9.831430e-01    
118.0           -8.395704e-02   9.968967e-01    
119.0           -3.151578e-02   9.996550e-01    
120.0           2.101245e-02    9.996550e-01    
121.0           7.348270e-02    9.968967e-01    
122.0           1.257502e-01    9.831430e-01    
123.0           1.776707e-01    9.721857e-01    
124.0           2.291010e-01    9.585457e-01    
125.0           2.798991e-01    9.422609e-01    
126.0           3.299248e-01    9.019435e-01    
127.0           3.790403e-01    8.780221e-01    
128.0           4.271098e-01    8.516780e-01    
129.0           4.740008e-01    8.229839e-01    
130.0           5.195840e-01    7.588685e-01    
131.0           5.637334e-01    7.236242e-01    
132.0           6.063273e-01    6.863832e-01    
133.0           6.472482e-01    6.472482e-01    
134.0           6.863832e-01    5.637334e-01    
135.0           7.236242e-01    5.195840e-01    
136.0           7.588685e-01    4.740008e-01    
137.0           7.920189e-01    4.271098e-01    
138.0           8.229839e-01    3.299248e-01    
139.0           8.516780e-01    2.798991e-01    
140.0           8.780221e-01    2.291010e-01    
141.0           9.019435e-01    1.776707e-01    
142.0           9.233761e-01    7.348270e-02    
143.0           9.422609e-01    2.101245e-02    
144.0           9.585457e-01    -3.151578e-02   
145.0           9.721857e-01    -8.395704e-02   
146.0           9.831430e-01    -1.880005e-01   
147.0           9.913876e-01    -2.393157e-01   
148.0           9.968967e-01    -2.899705e-01   
149.0           9.996550e-01    -3.398251e-01   
150.0           9.996550e-01    -4.365865e-01   
151.0           9.968967e-01    -4.832262e-01   
152.0           9.913876e-01    -5.285325e-01   
153.0           9.831430e-01    -5.723804e-01   
154.0           9.721857e-01    -6.552216e-01   
155.0           9.585457e-01    -6.939862e-01   
156.0           9.422609e-01    -7.308360e-01   
157.0           9.233761e-01    -7.656691e-01   
158.0           9.019435e-01    -8.289070e-01   
159.0           8.780221e-01    -8.571372e-01   
160.0           8.516780e-01    -8.830024e-01   
161.0           8.229839e-01    -9.064311e-01   
162.0           7.920189e-01    -9.457274e-01   
163.0           7.588685e-01    -9.614866e-01   
164.0           7.236242e-01    -9.745928e-01   
165.0           6.863832e-01    -9.850098e-01   
166.0           6.472482e-01    -9.976688e-01   
167.0           6.063273e-01    -9.998758e-01   
168.0           5.637334e-01    -9.993239e-01   
169.0           5.195840e-01    -9.960146e-01   
170.0           4.740008e-01    -9.811677e-01   
171.0           4.271098e-01    -9.696712e-01   
172.0           3.790403e-01    -9.554990e-01   
173.0           3.299248e-01    -9.386904e-01   
174.0           2.798991e-01    -8.973563e-01   
175.0           2.291010e-01    -8.729449e-01   
176.0           1.776707e-01    -8.461247e-01   
177.0           1.257502e-01    -8.169699e-01   
178.0           7.348270e-02    -7.519841e-01   
179.0           2.101245e-02    -7.163325e-01   
180.0           -3.151578e-02   -6.787043e-01   
181.0           -8.395704e-02   -6.392034e-01   
182.0           -1.361666e-01   -5.550241e-01   
183.0           -1.880005e-01   -5.105781e-01   
184.0           -2.393157e-01   -4.647232e-01   
185.0           -2.899705e-01   -4.175860e-01   
186.0           -3.398251e-01   -3.199881e-01   
187.0           -3.887421e-01   -2.697968e-01   
188.0           -4.365865e-01   -2.188610e-01   
189.0           -4.832262e-01   -1.673212e-01   
190.0           -5.285325e-01   -6.300024e-02   
191.0           -5.723804e-01   -1.050681e-02   
192.0           -6.146490e-01   4.201562e-02    
193.0           -6.552216e-01   9.442212e-02    
194.0           -6.939862e-01   1.983096e-01    
195.0           -7.308360e-01   2.495040e-01    
196.0           -7.656691e-01   3.000098e-01    
197.0           -7.983895e-01   3.496879e-01    
198.0           -8.289070e-01   4.460150e-01    
199.0           -8.571372e-01   4.923982e-01    
200.0           -8.830024e-01   5.374227e-01    
201.0           -9.064311e-01   5.809643e-01    
202.0           -9.273587e-01   6.631227e-01    
203.0           -9.457274e-01   7.015127e-01    
204.0           -9.614866e-01   7.379671e-01    
205.0           -9.745928e-01   7.723852e-01    
206.0           -9.850098e-01   8.347386e-01    
207.0           -9.927089e-01   8.625019e-01    
208.0           -9.976688e-01   8.878852e-01    
209.0           -9.998758e-01   9.108186e-01    
210.0           -9.993239e-01   9.490895e-01    
211.0           -9.960146e-01   9.643214e-01    
212.0           -9.899569e-01   9.768924e-01    
213.0           -9.811677e-01   9.867678e-01    
214.0           -9.696712e-01   9.983307e-01    
215.0           -9.554990e-01   9.999862e-01    
216.0           -9.386904e-01   9.988824e-01    
217.0           -9.192916e-01   9.950225e-01    
218.0           -8.973563e-01   9.790841e-01    
219.0           -8.729449e-01   9.670497e-01    
220.0           -8.461247e-01   9.523468e-01    
221.0           -8.169699e-01   9.350162e-01    
222.0           -7.855608e-01   8.926700e-01    
223.0           -7.519841e-01   8.677713e-01    
224.0           -7.163325e-01   8.404781e-01    
225.0           -6.787043e-01   8.108657e-01    
226.0           -6.392034e-01   7.450167e-01    
227.0           -5.979387e-01   7.089617e-01    
228.0           -5.550241e-01   6.709505e-01    
229.0           -5.105781e-01   6.310879e-01    
230.0           -4.647232e-01   5.462535e-01    
231.0           -4.175860e-01   5.015158e-01    
232.0           -3.692966e-01   4.553942e-01    
233.0           -3.199881e-01   4.080161e-01    
234.0           -2.697968e-01   3.100161e-01    
235.0           -2.188610e-01   2.596647e-01    
236.0           -1.673212e-01   2.085968e-01    
237.0           -1.153198e-01   1.569533e-01    
238.0           -6.300024e-02   5.251083e-02    
239.0           -1.050681e-02   6.123234e-16    
240.0           4.201562e-02    -5.251083e-02   
241.0           9.442212e-02    -1.048768e-01   
242.0           1.465681e-01    -2.085968e-01   
243.0           1.983096e-01    -2.596647e-01   
244.0           2.495040e-01    -3.100161e-01   
245.0           3.000098e-01    -3.595121e-01   
246.0           3.496879e-01    -4.553942e-01   
247.0           3.984011e-01    -5.015158e-01   
248.0           4.460150e-01    -5.462535e-01   
249.0           4.923982e-01    -5.894840e-01   
250.0           5.374227e-01    -6.709505e-01   
251.0           5.809643e-01    -7.089617e-01   
252.0           6.229029e-01    -7.450167e-01   
253.0           6.631227e-01    -7.790160e-01   
254.0           7.015127e-01    -8.404781e-01   
255.0           7.379671e-01    -8.677713e-01   
256.0           7.723852e-01    -8.926700e-01   
257.0           8.046721e-01    -9.151057e-01   
258.0           8.347386e-01    -9.523468e-01   
259.0           8.625019e-01    -9.670497e-01   
260.0           8.878852e-01    -9.790841e-01   
261.0           9.108186e-01    -9.884169e-01   
262.0           9.312389e-01    -9.988824e-01   
263.0           9.490895e-01    -9.999862e-01   
264.0           9.643214e-01    -9.983307e-01   
265.0           9.768924e-01    -9.939205e-01   
266.0           9.867678e-01    -9.768924e-01   
267.0           9.939205e-01    -9.643214e-01   
268.0           9.983307e-01    -9.490895e-01   
269.0           9.999862e-01    -9.312389e-01   
270.0           9.988824e-01    -8.878852e-01   
271.0           9.950225e-01    -8.625019e-01   
272.0           9.884169e-01    -8.347386e-01   
273.0           9.790841e-01    -8.046721e-01   
274.0           9.670497e-01    -7.379671e-01   
275.0           9.523468e-01    -7.015127e-01   
276.0           9.350162e-01    -6.631227e-01   
277.0           9.151057e-01    -6.229029e-01   
278.0           8.926700e-01    -5.374227e-01   
279.0           8.677713e-01    -4.923982e-01   
280.0           8.404781e-01    -4.460150e-01   
281.0           8.108657e-01    -3.984011e-01   
282.0           7.790160e-01    -3.000098e-01   
283.0           7.450167e-01    -2.495040e-01   
284.0           7.089617e-01    -1.983096e-01   
285.0           6.709505e-01    -1.465681e-01   
286.0           6.310879e-01    -4.201562e-02   
287.0           5.894840e-01    1.050681e-02    
288.0           5.462535e-01    6.300024e-02    
289.0           5.015158e-01    1.153198e-01    
290.0           4.553942e-01    2.188610e-01    
291.0           4.080161e-01    2.697968e-01    
292.0           3.595121e-01    3.199881e-01    
293.0           3.100161e-01    3.692966e-01    
294.0           2.596647e-01    4.647232e-01    
295.0           2.085968e-01    5.105781e-01    
296.0           1.569533e-01    5.550241e-01    
297.0           1.048768e-01    5.979387e-01    
298.0           5.251083e-02    6.787043e-01    
299.0           6.123234e-16    7.163325e-01    
300.0           -5.251083e-02   7.519841e-01    
301.0           -1.048768e-01   8.169699e-01    
302.0           -1.569533e-01   8.461247e-01    
303.0           -2.085968e-01   8.729449e-01    
304.0           -2.596647e-01   8.973563e-01    
305.0           -3.100161e-01   9.386904e-01    
306.0           -3.595121e-01   9.554990e-01    
307.0           -4.080161e-01   9.696712e-01    
308.0           -4.553942e-01   9.811677e-01    
309.0           -5.015158e-01   9.960146e-01    
310.0           -5.462535e-01   9.993239e-01    
311.0           -5.894840e-01   9.998758e-01    
312.0           -6.310879e-01   9.976688e-01    
313.0           -6.709505e-01   9.850098e-01    
314.0           -7.089617e-01   9.745928e-01    
315.0           -7.450167e-01   9.614866e-01    
316.0           -7.790160e-01   9.457274e-01    
317.0           -8.108657e-01   9.064311e-01    
318.0           -8.404781e-01   8.830024e-01    
319.0           -8.677713e-01   8.571372e-01    
320.0           -8.926700e-01   8.289070e-01    
321.0           -9.151057e-01   7.656691e-01    
322.0           -9.350162e-01   7.308360e-01    
323.0           -9.523468e-01   6.939862e-01    
324.0           -9.670497e-01   6.552216e-01    
325.0           -9.790841e-01   5.723804e-01    
326.0           -9.884169e-01   5.285325e-01    
327.0           -9.950225e-01   4.832262e-01    
328.0           -9.988824e-01   4.365865e-01    
329.0           -9.999862e-01   3.398251e-01    
330.0           -9.983307e-01   2.899705e-01    
331.0           -9.939205e-01   2.393157e-01    
332.0           -9.867678e-01   1.880005e-01    
333.0           -9.768924e-01   8.395704e-02    
334.0           -9.643214e-01   3.151578e-02    
335.0           -9.490895e-01   -2.101245e-02   
336.0           -9.312389e-01   -7.348270e-02   
337.0           -9.108186e-01   -1.776707e-01   
338.0           -8.878852e-01   -2.291010e-01   
339.0           -8.625019e-01   -2.798991e-01   
340.0           -8.347386e-01   -3.299248e-01   
341.0           -8.046721e-01   -4.271098e-01   
342.0           -7.723852e-01   -4.740008e-01   
343.0           -7.379671e-01   -5.195840e-01   
344.0           -7.015127e-01   -5.637334e-01   
345.0           -6.631227e-01   -6.472482e-01   
346.0           -6.229029e-01   -6.863832e-01   
347.0           -5.809643e-01   -7.236242e-01   
348.0           -5.374227e-01   -7.588685e-01   
349.0           -4.923982e-01   -8.229839e-01   
350.0           -4.460150e-01   -8.516780e-01   
351.0           -3.984011e-01   -8.780221e-01   
352.0           -3.496879e-01   -9.019435e-01   
353.0           -3.000098e-01   -9.422609e-01   
354.0           -2.495040e-01   -9.585457e-01   
355.0           -1.983096e-01   -9.721857e-01   
356.0           -1.465681e-01   -9.831430e-01   
357.0           -9.442212e-02   -9.968967e-01   
358.0           -4.201562e-02   -9.996550e-01   
359.0           1.050681e-02    -9.996550e-01   
360.0           6.300024e-02    -9.968967e-01   
361.0           1.153198e-01    -9.831430e-01   
362.0           1.673212e-01    -9.721857e-01   
363.0           2.188610e-01    -9.585457e-01   
364.0           2.697968e-01    -9.422609e-01   
365.0           3.199881e-01    -9.019435e-01   
366.0           3.692966e-01    -8.780221e-01   
367.0           4.175860e-01    -8.516780e-01   
368.0           4.647232e-01    -8.229839e-01   
369.0           5.105781e-01    -7.588685e-01   
370.0           5.550241e-01    -7.236242e-01   
371.0           5.979387e-01    -6.863832e-01   
372.0           6.392034e-01    -6.472482e-01   
373.0           6.787043e-01    -5.637334e-01   
374.0           7.163325e-01    -5.195840e-01   
375.0           7.519841e-01    -4.740008e-01   
376.0           7.855608e-01    -4.271098e-01   
377.0           8.169699e-01    -3.299248e-01   
378.0           8.461247e-01    -2.798991e-01   
379.0           8.729449e-01    -2.291010e-01   
380.0           8.973563e-01    -1.776707e-01   
381.0           9.192916e-01    -7.348270e-02   
382.0           9.386904e-01    -2.101245e-02   
383.0           9.554990e-01    3.151578e-02    
384.0           9.696712e-01    8.395704e-02    
385.0           9.811677e-01    1.880005e-01    
386.0           9.899569e-01    2.393157e-01    
387.0           9.960146e-01    2.899705e-01    
388.0           9.993239e-01    3.398251e-01    
389.0           9.998758e-01    4.365865e-01    
390.0           9.976688e-01    4.832262e-01    
391.0           9.927089e-01    5.285325e-01    
392.0           9.850098e-01    5.723804e-01    
393.0           9.745928e-01    6.552216e-01    
394.0           9.614866e-01    6.939862e-01    
395.0           9.457274e-01    7.308360e-01    
396.0           9.273587e-01    7.656691e-01    
397.0           9.064311e-01    8.289070e-01    
398.0           8.830024e-01    8.571372e-01    
399.0           8.571372e-01    8.571372e-01    
400.0           8.289070e-01    8.289070e-01    
401.0           7.983895e-01    7.983895e-01    
402.0           7.656691e-01    7.656691e-01    
403.0           7.308360e-01    7.308360e-01    
404.0           6.939862e-01    6.939862e-01    
405.0           6.552216e-01    6.552216e-01    
406.0           6.146490e-01    6.146490e-01    
407.0           5.723804e-01    5.723804e-01    
408.0           5.285325e-01    5.285325e-01    
409.0           4.832262e-01    4.832262e-01    
410.0           4.365865e-01    4.365865e-01    
411.0           3.887421e-01    3.887421e-01    
412.0           3.398251e-01    3.398251e-01    
413.0           2.899705e-01    2.899705e-01    
414.0           2.393157e-01    2.393157e-01    
415.0           1.880005e-01    1.880005e-01    
416.0           1.361666e-01    1.361666e-01    
417.0           8.395704e-02    8.395704e-02    
418.0           3.151578e-02    3.151578e-02    
419.0           -2.101245e-02   -2.101245e-02   
420.0           -7.348270e-02   -7.348270e-02   
421.0           -1.257502e-01   -1.257502e-01   
422.0           -1.776707e-01   -1.776707e-01   
423.0           -2.291010e-01   -2.291010e-01   
424.0           -2.798991e-01   -2.798991e-01   
425.0           -3.299248e-01   -3.299248e-01   
426.0           -3.790403e-01   -3.790403e-01   
427.0           -4.271098e-01   -4.271098e-01   
428.0           -4.740008e-01   -4.740008e-01   
429.0           -5.195840e-01   -5.195840e-01   
430.0           -5.637334e-01   -5.637334e-01   
431.0           -6.063273e-01   -6.063273e-01   
432.0           -6.472482e-01   -6.472482e-01   
433.0           -6.863832e-01   -6.863832e-01   
434.0           -7.236242e-01   -7.236242e-01   
435.0           -7.588685e-01   -7.588685e-01   
436.0           -7.920189e-01   -7.920189e-01   
437.0           -8.229839e-01   -8.229839e-01   
438.0           -8.516780e-01   -8.516780e-01   
439.0           -8.780221e-01   -8.780221e-01   
440.0           -9.019435e-01   -9.019435e-01   
441.0           -9.233761e-01   -9.233761e-01   
442.0           -9.422609e-01   -9.422609e-01   
443.0           -9.585457e-01   -9.585457e-01   
444.0           -9.721857e-01   -9.721857e-01   
445.0           -9.831430e-01   -9.831430e-01   
446.0           -9.913876e-01   -9.913876e-01   
447.0           -9.968967e-01   -9.968967e-01   
448.0           -9.996550e-01   -9.996550e-01   
449.0           -9.996550e-01   -9.996550e-01   
450.0           -9.968967e-01   -9.968967e-01   
451.0           -9.913876e-01   -9.913876e-01   
452.0           -9.831430e-01   -9.831430e-01   
453.0           -9.721857e-01   -9.721857e-01   
454.0           -9.585457e-01   -9.585457e-01   
455.0           -9.422609e-01   -9.422609e-01   
456.0           -9.233761e-01   -9.233761e-01   
457.0           -9.019435e-01   -9.019435e-01   
458.0           -8.780221e-01   -8.780221e-01   
459.0           -8.516780e-01   -8.516780e-01   
460.0           -8.229839e-01   -8.229839e-01   
461.0           -7.920189e-01   -7.920189e-01   
462.0           -7.588685e-01   -7.588685e-01   
463.0           -7.236242e-01   -7.236242e-01   
464.0           -6.863832e-01   -6.863832e-01   
465.0           -6.472482e-01   -6.472482e-01   
466.0           -6.063273e-01   -6.063273e-01   
467.0           -5.637334e-01   -5.637334e-01   
468.0           -5.195840e-01   -5.195840e-01   
469.0           -4.740008e-01   -4.740008e-01   
470.0           -4.271098e-01   -4.271098e-01   
471.0           -3.790403e-01   -3.790403e-01   
472.0           -3.299248e-01   -3.299248e-01   
473.0           -2.798991e-01   -2.798991e-01   
474.0           -2.291010e-01   -2.291010e-01   
475.0           -1.776707e-01   -1.776707e-01   
476.0           -1.257502e-01   -1.257502e-01   
477.0           -7.348270e-02   -7.348270e-02   
478.0           -2.101245e-02   -2.101245e-02   
479.0           3.151578e-02    3.151578e-02    
480.0           8.395704e-02    8.395704e-02    
481.0           1.361666e-01    1.361666e-01    
482.0           1.880005e-01    1.880005e-01    
483.0           2.393157e-01    2.393157e-01    
484.0           2.899705e-01    2.899705e-01    
485.0           3.398251e-01    3.398251e-01    
486.0           3.887421e-01    3.887421e-01    
487.0           4.365865e-01    4.365865e-01    
488.0           4.832262e-01    4.832262e-01    
489.0           5.285325e-01    5.285325e-01    
490.0           5.723804e-01    5.723804e-01    
491.0           6.146490e-01    6.146490e-01    
492.0           6.552216e-01    6.552216e-01    
493.0           6.939862e-01    6.939862e-01    
494.0           7.308360e-01    7.308360e-01    
495.0           7.656691e-01    7.656691e-01    
496.0           7.983895e-01    7.983895e-01    
497.0           8.289070e-01    8.289070e-01    
498.0           8.571372e-01    8.571372e-01    
499.0           8.830024e-01    8.830024e-01    
500.0           9.064311e-01    9.064311e-01    
501.0           9.273587e-01    9.273587e-01    
502.0           9.457274e-01    9.457274e-01    
503.0           9.614866e-01    9.614866e-01    
504.0           9.745928e-01    9.745928e-01    
505.0           9.850098e-01    9.850098e-01    
506.0           9.927089e-01    9.927089e-01    
507.0           9.976688e-01    9.976688e-01    
508.0           9.998758e-01    9.998758e-01    
509.0           9.993239e-01    9.993239e-01    
510.0           9.960146e-01    9.960146e-01    
511.0           9.899569e-01    9.899569e-01    
512.0           9.811677e-01    9.811677e-01    
513.0           9.696712e-01    9.696712e-01    
514.0           9.554990e-01    9.554990e-01    
515.0           9.386904e-01    9.386904e-01    
516.0           9.192916e-01    9.192916e-01    
517.0           8.973563e-01    8.973563e-01    
518.0           8.729449e-01    8.729449e-01    
519.0           8.461247e-01    8.461247e-01    
520.0           8.169699e-01    8.169699e-01    
521.0           7.855608e-01    7.855608e-01    
522.0           7.519841e-01    7.519841e-01    
523.0           7.163325e-01    7.163325e-01    
524.0           6.787043e-01    6.787043e-01    
525.0           6.392034e-01    6.392034e-01    
526.0           5.979387e-01    5.979387e-01    
527.0           5.550241e-01    5.550241e-01    
528.0           5.105781e-01    5.105781e-01    
529.0           4.647232e-01    4.647232e-01    
530.0           4.175860e-01    4.175860e-01    
531.0           3.692966e-01    3.692966e-01    
532.0           3.199881e-01    3.199881e-01    
533.0           2.697968e-01    2.697968e-01    
534.0           2.188610e-01    2.188610e-01    
535.0           1.673212e-01    1.673212e-01    
536.0           1.153198e-01    1.153198e-01    
537.0           6.300024e-02    6.300024e-02    
538.0           1.050681e-02    1.050681e-02    
539.0           -4.201562e-02   -4.201562e-02   
540.0           -9.442212e-02   -9.442212e-02   
541.0           -1.465681e-01   -1.465681e-01   
542.0           -1.983096e-01   -1.983096e-01   
543.0           -2.495040e-01   -2.495040e-01   
544.0           -3.000098e-01   -3.000098e-01   
545.0           -3.496879e-01   -3.496879e-01   
546.0           -3.984011e-01   -3.984011e-01   
547.0           -4.460150e-01   -4.460150e-01   
548.0           -4.923982e-01   -4.923982e-01   
549.0           -5.374227e-01   -5.374227e-01   
550.0           -5.809643e-01   -5.809643e-01   
551.0           -6.229029e-01   -6.229029e-01   
552.0           -6.631227e-01   -6.631227e-01   
553.0           -7.015127e-01   -7.015127e-01   
554.0           -7.379671e-01   -7.379671e-01   
555.0           -7.723852e-01   -7.723852e-01   
556.0           -8.046721e-01   -8.046721e-01   
557.0           -8.347386e-01   -8.347386e-01   
558.0           -8.625019e-01   -8.625019e-01   
559.0           -8.878852e-01   -8.878852e-01   
560.0           -9.108186e-01   -9.108186e-01   
561.0           -9.312389e-01   -9.312389e-01   
562.0           -9.490895e-01   -9.490895e-01   
563.0           -9.643214e-01   -9.643214e-01   
564.0           -9.768924e-01   -9.768924e-01   
565.0           -9.867678e-01   -9.867678e-01   
566.0           -9.939205e-01   -9.939205e-01   
567.0           -9.983307e-01   -9.983307e-01   
568.0           -9.999862e-01   -9.999862e-01   
569.0           -9.988824e-01   -9.988824e-01   
570.0           -9.950225e-01   -9.950225e-01   
571.0           -9.884169e-01   -9.884169e-01   
572.0           -9.790841e-01   -9.790841e-01   
573.0           -9.670497e-01   -9.670497e-01   
574.0           -9.523468e-01   -9.523468e-01   
575.0           -9.350162e-01   -9.350162e-01   
576.0           -9.151057e-01   -9.151057e-01   
577.0           -8.926700e-01   -8.926700e-01   
578.0           -8.677713e-01   -8.677713e-01   
579.0           -8.404781e-01   -8.404781e-01   
580.0           -8.108657e-01   -8.108657e-01   
581.0           -7.790160e-01   -7.790160e-01   
582.0           -7.450167e-01   -7.450167e-01   
583.0           -7.089617e-01   -7.089617e-01   
584.0           -6.709505e-01   -6.709505e-01   
585.0           -6.310879e-01   -6.310879e-01   
586.0           -5.894840e-01   -5.894840e-01   
587.0           -5.462535e-01   -5.462535e-01   
588.0           -5.015158e-01   -5.015158e-01   
589.0           -4.553942e-01   -4.553942e-01   
590.0           -4.080161e-01   -4.080161e-01   
591.0           -3.595121e-01   -3.595121e-01   
592.0           -3.100161e-01   -3.100161e-01   
593.0           -2.596647e-01   -2.596647e-01   
594.0           -2.085968e-01   -2.085968e-01   
595.0           -1.569533e-01   -1.569533e-01   
596.0           -1.048768e-01   -1.048768e-01   
597.0           -5.251083e-02   -5.251083e-02   
598.0           -1.224647e-15   -1.224647e-15   
599.0           5.251083e-02    5.251083e-02    
600.0           1.048768e-01    1.048768e-01    
601.0           1.569533e-01    1.569533e-01    
602.0           2.085968e-01    2.085968e-01    
603.0           2.596647e-01    2.596647e-01    
604.0           3.100161e-01    3.100161e-01    
605.0           3.595121e-01    3.595121e-01    
606.0           4.080161e-01    4.080161e-01    
607.0           4.553942e-01    4.553942e-01    
608.0           5.015158e-01    5.015158e-01    
609.0           5.462535e-01    5.462535e-01    
610.0           5.894840e-01    5.894840e-01    
611.0           6.310879e-01    6.310879e-01    
612.0           6.709505e-01    6.709505e-01    
613.0           7.089617e-01    7.089617e-01    
614.0           7.450167e-01    7.450167e-01    
615.0           7.790160e-01    7.790160e-01    
616.0           8.108657e-01    8.108657e-01    
617.0           8.404781e-01    8.404781e-01    
618.0           8.677713e-01    8.677713e-01    
619.0           8.926700e-01    8.926700e-01    
620.0           9.151057e-01    9.151057e-01    
621.0           9.350162e-01    9.350162e-01    
622.0           9.523468e-01    9.523468e-01    
623.0           9.670497e-01    9.670497e-01    
624.0           9.790841e-01    9.790841e-01    
625.0           9.884169e-01    9.884169e-01    
626.0           9.950225e-01    9.950225e-01    
627.0           9.988824e-01    9.988824e-01    
628.0           9.999862e-01    9.999862e-01    
629.0           9.983307e-01    9.983307e-01    
630.0           9.939205e-01    9.939205e-01    
631.0           9.867678e-01    9.867678e-01    
632.0           9.768924e-01    9.768924e-01    
633.0           9.643214e-01    9.643214e-01    
634.0           9.490895e-01    9.490895e-01    
635.0           9.312389e-01    9.312389e-01    
636.0           9.108186e-01    9.108186e-01    
637.0           8.878852e-01    8.878852e-01    
638.0           8.625019e-01    8.625019e-01    
639.0           8.347386e-01    8.347386e-01    
640.0           8.046721e-01    8.046721e-01    
641.0           7.723852e-01    7.723852e-01    
642.0           7.379671e-01    7.379671e-01    
643.0           7.015127e-01    7.015127e-01    
644.0           6.631227e-01    6.631227e-01    
645.0           6.229029e-01    6.229029e-01    
646.0           5.809643e-01    5.809643e-01    
647.0           5.374227e-01    5.374227e-01    
648.0           4.923982e-01    4.923982e-01    
649.0           4.460150e-01    4.460150e-01    
650.0           3.984011e-01    3.984011e-01    
651.0           3.496879e-01    3.496879e-01    
652.0           3.000098e-01    3.000098e-01    
653.0           2.495040e-01    2.495040e-01    
654.0           1.983096e-01    1.983096e-01    
655.0           1.465681e-01    1.465681e-01    
656.0           9.442212e-02    9.442212e-02    
657.0           4.201562e-02    4.201562e-02    
658.0           -1.050681e-02   -1.050681e-02   
659.0           -6.300024e-02   -6.300024e-02   
660.0           -1.153198e-01   -1.153198e-01   
661.0           -1.673212e-01   -1.673212e-01   
662.0           -2.188610e-01   -2.188610e-01   
663.0           -2.697968e-01   -2.697968e-01   
664.0           -3.199881e-01   -3.199881e-01   
665.0           -3.692966e-01   -3.692966e-01   
666.0           -4.175860e-01   -4.175860e-01   
667.0           -4.647232e-01   -4.647232e-01   
668.0           -5.105781e-01   -5.105781e-01   
669.0           -5.550241e-01   -5.550241e-01   
670.0           -5.979387e-01   -5.979387e-01   
671.0           -6.392034e-01   -6.392034e-01   
672.0           -6.787043e-01   -6.787043e-01   
673.0           -7.163325e-01   -7.163325e-01   
674.0           -7.519841e-01   -7.519841e-01   
675.0           -7.855608e-01   -7.855608e-01   
676.0           -8.169699e-01   -8.169699e-01   
677.0           -8.461247e-01   -8.461247e-01   
678.0           -8.729449e-01   -8.729449e-01   
679.0           -8.973563e-01   -8.973563e-01   
680.0           -9.192916e-01   -9.192916e-01   
681.0           -9.386904e-01   -9.386904e-01   
682.0           -9.554990e-01   -9.554990e-01   
683.0           -9.696712e-01   -9.696712e-01   
684.0           -9.811677e-01   -9.811677e-01   
685.0           -9.899569e-01   -9.899569e-01   
686.0           -9.960146e-01   -9.960146e-01   
687.0           -9.993239e-01   -9.993239e-01   
688.0           -9.998758e-01   -9.998758e-01   
689.0           -9.976688e-01   -9.976688e-01   
690.0           -9.927089e-01   -9.927089e-01   
691.0           -9.850098e-01   -9.850098e-01   
692.0           -9.745928e-01   -9.745928e-01   
693.0           -9.614866e-01   -9.614866e-01   
694.0           -9.457274e-01   -9.457274e-01   
695.0           -9.273587e-01   -9.273587e-01   
696.0           -9.064311e-01   -9.064311e-01   
697.0           -8.830024e-01   -8.830024e-01   
698.0           -8.571372e-01   -8.571372e-01   
699.0           -8.289070e-01   -8.289070e-01   
700.0           -7.983895e-01   -7.983895e-01   
701.0           -7.656691e-01   -7.656691e-01   
702.0           -7.308360e-01   -7.308360e-01   
703.0           -6.939862e-01   -6.939862e-01   
704.0           -6.552216e-01   -6.552216e-01   
705.0           -6.146490e-01   -6.146490e-01   
706.0           -5.723804e-01   -5.723804e-01   
707.0           -5.285325e-01   -5.285325e-01   
708.0           -4.832262e-01   -4.832262e-01   
709.0           -4.365865e-01   -4.365865e-01   
710.0           -3.887421e-01   -3.887421e-01   
711.0           -3.398251e-01   -3.398251e-01   
712.0           -2.899705e-01   -2.899705e-01   
713.0           -2.393157e-01   -2.393157e-01   
714.0           -1.880005e-01   -1.880005e-01   
715.0           -1.361666e-01   -1.361666e-01   
716.0           -8.395704e-02   -8.395704e-02   
717.0           -3.151578e-02   -3.151578e-02   
718.0           2.101245e-02    2.101245e-02    
719.0           7.348270e-02    7.348270e-02    
720.0           1.257502e-01    1.257502e-01    
721.0           1.776707e-01    1.776707e-01    
722.0           2.291010e-01    2.291010e-01    
723.0           2.798991e-01    2.798991e-01    
724.0           3.299248e-01    3.299248e-01    
725.0           3.790403e-01    3.790403e-01    
726.0           4.271098e-01    4.271098e-01    
727.0           4.740008e-01    4.740008e-01    
728.0           5.195840e-01    5.195840e-01    
729.0           5.637334e-01    5.637334e-01    
730.0           6.063273e-01    6.063273e-01    
731.0           6.472482e-01    6.472482e-01    
732.0           6.863832e-01    6.863832e-01    
733.0           7.236242e-01    7.236242e-01    
734.0           7.588685e-01    7.588685e-01    
735.0           7.920189e-01    7.920189e-01    
736.0           8.229839e-01    8.229839e-01    
737.0           8.516780e-01    8.516780e-01    
738.0           8.780221e-01    8.780221e-01    
739.0           9.019435e-01    9.019435e-01    
740.0           9.233761e-01    9.233761e-01    
741.0           9.422609e-01    9.422609e-01    
742.0           9.585457e-01    9.585457e-01    
743.0           9.721857e-01    9.721857e-01    
744.0           9.831430e-01    9.831430e-01    
745.0           9.913876e-01    9.913876e-01    
746.0           9.968967e-01    9.968967e-01    
747.0           9.996550e-01    9.996550e-01    
748.0           9.996550e-01    9.996550e-01    
749.0           9.968967e-01    9.968967e-01    
750.0           9.913876e-01    9.913876e-01    
751.0           9.831430e-01    9.831430e-01    
752.0           9.721857e-01    9.721857e-01    
753.0           9.585457e-01    9.585457e-01    
754.0           9.422609e-01    9.422609e-01    
755.0           9.233761e-01    9.233761e-01    
756.0           9.019435e-01    9.019435e-01    
757.0           8.780221e-01    8.780221e-01    
758.0           8.516780e-01    8.516780e-01    
759.0           8.229839e-01    8.229839e-01    
760.0           7.920189e-01    7.920189e-01    
761.0           7.588685e-01    7.588685e-01    
762.0           7.236242e-01    7.236242e-01    
763.0           6.863832e-01    6.863832e-01    
764.0           6.472482e-01    6.472482e-01    
765.0           6.063273e-01    6.063273e-01    
766.0           5.637334e-01    5.637334e-01    
767.0           5.195840e-01    5.195840e-01    
768.0           4.740008e-01    4.740008e-01    
769.0           4.271098e-01    4.271098e-01    
770.0           3.790403e-01    3.790403e-01    
771.0           3.299248e-01    3.299248e-01    
772.0           2.798991e-01    2.798991e-01    
773.0           2.291010e-01    2.291010e-01    
774.0           1.776707e-01    1.776707e-01    
775.0           1.257502e-01    1.257502e-01    
776.0           7.348270e-02    7.348270e-02    
777.0           2.101245e-02    2.101245e-02    
778.0           -3.151578e-02   -3.151578e-02   
779.0           -8.395704e-02   -8.395704e-02   
780.0           -1.361666e-01   -1.361666e-01   
781.0           -1.880005e-01   -1.880005e-01   
782.0           -2.393157e-01   -2.393157e-01   
783.0           -2.899705e-01   -2.899705e-01   
784.0           -3.398251e-01   -3.398251e-01   
785.0           -3.887421e-01   -3.887421e-01   
786.0           -4.365865e-01   -4.365865e-01   
787.0           -4.832262e-01   -4.832262e-01   
788.0           -5.285325e-01   -5.285325e-01   
789.0           -5.723804e-01   -5.723804e-01   
790.0           -6.146490e-01   -6.146490e-01   
791.0           -6.552216e-01   -6.552216e-01   
792.0           -6.939862e-01   -6.939862e-01   
793.0           -7.308360e-01   -7.308360e-01   
794.0           -7.656691e-01   -7.656691e-01   
795.0           -7.983895e-01   -7.983895e-01   
796.0           -8.289070e-01   -8.289070e-01   
797.0           -8.571372e-01   -8.571372e-01   
798.0           -8.830024e-01   -8.830024e-01   
799.0           -9.064311e-01   -9.064311e-01   
800.0           -9.273587e-01   -9.064311e-01   
801.0           -9.457274e-01   -9.273587e-01   
802.0           -9.614866e-01   -9.457274e-01   
803.0           -9.745928e-01   -9.614866e-01   
804.0           -9.850098e-01   -9.614866e-01   
805.0           -9.927089e-01   -9.745928e-01   
806.0           -9.976688e-01   -9.850098e-01   
807.0           -9.998758e-01   -9.927089e-01   
808.0           -9.993239e-01   -9.927089e-01   
809.0           -9.960146e-01   -9.976688e-01   
810.0           -9.899569e-01   -9.998758e-01   
811.0           -9.811677e-01   -9.993239e-01   
812.0           -9.696712e-01   -9.993239e-01   
813.0           -9.554990e-01   -9.960146e-01   
814.0           -9.386904e-01   -9.899569e-01   
815.0           -9.192916e-01   -9.811677e-01   
816.0           -8.973563e-01   -9.811677e-01   
817.0           -8.729449e-01   -9.696712e-01   
818.0           -8.461247e-01   -9.554990e-01   
819.0           -8.169699e-01   -9.386904e-01   
820.0           -7.855608e-01   -9.386904e-01   
821.0           -7.519841e-01   -9.192916e-01   
822.0           -7.163325e-01   -8.973563e-01   
823.0           -6.787043e-01   -8.729449e-01   
824.0           -6.392034e-01   -8.729449e-01   
825.0           -5.979387e-01   -8.461247e-01   
826.0           -5.550241e-01   -8.169699e-01   
827.0           -5.105781e-01   -7.855608e-01   
828.0           -4.647232e-01   -7.855608e-01   
829.0           -4.175860e-01   -7.519841e-01   
830.0           -3.692966e-01   -7.163325e-01   
831.0           -3.199881e-01   -6.787043e-01   
832.0           -2.697968e-01   -6.787043e-01   
833.0           -2.188610e-01   -6.392034e-01   
834.0           -1.673212e-01   -5.979387e-01   
835.0           -1.153198e-01   -5.550241e-01   
836.0           -6.300024e-02   -5.550241e-01   
837.0           -1.050681e-02   -5.105781e-01   
838.0           4.201562e-02    -4.647232e-01   
839.0           9.442212e-02    -4.175860e-01   
840.0           1.465681e-01    -4.175860e-01   
841.0           1.983096e-01    -3.692966e-01   
842.0           2.495040e-01    -3.199881e-01   
843.0           3.000098e-01    -2.697968e-01   
844.0           3.496879e-01    -2.697968e-01   
845.0           3.984011e-01    -2.188610e-01   
846.0           4.460150e-01    -1.673212e-01   
847.0           4.923982e-01    -1.153198e-01   
848.0           5.374227e-01    -1.153198e-01   
849.0           5.809643e-01    -6.300024e-02   
850.0           6.229029e-01    -1.050681e-02   
851.0           6.631227e-01    4.201562e-02    
852.0           7.015127e-01    4.201562e-02    
853.0           7.379671e-01    9.442212e-02    
854.0           7.723852e-01    1.465681e-01    
855.0           8.046721e-01    1.983096e-01    
856.0           8.347386e-01    1.983096e-01    
857.0           8.625019e-01    2.495040e-01    
858.0           8.878852e-01    3.000098e-01    
859.0           9.108186e-01    3.496879e-01    
860.0           9.312389e-01    3.496879e-01    
861.0           9.490895e-01    3.984011e-01    
862.0           9.643214e-01    4.460150e-01    
863.0           9.768924e-01    4.923982e-01    
864.0           9.867678e-01    4.923982e-01    
865.0           9.939205e-01    5.374227e-01    
866.0           9.983307e-01    5.809643e-01    
867.0           9.999862e-01    6.229029e-01    
868.0           9.988824e-01    6.229029e-01    
869.0           9.950225e-01    6.631227e-01    
870.0           9.884169e-01    7.015127e-01    
871.0           9.790841e-01    7.379671e-01    
872.0           9.670497e-01    7.379671e-01    
873.0           9.523468e-01    7.723852e-01    
874.0           9.350162e-01    8.046721e-01    
875.0           9.151057e-01    8.347386e-01    
876.0           8.926700e-01    8.347386e-01    
877.0           8.677713e-01    8.625019e-01    
878.0           8.404781e-01    8.878852e-01    
879.0           8.108657e-01    9.108186e-01    
880.0           7.790160e-01    9.108186e-01    
881.0           7.450167e-01    9.312389e-01    
882.0           7.089617e-01    9.490895e-01    
883.0           6.709505e-01    9.643214e-01    
884.0           6.310879e-01    9.643214e-01    
885.0           5.894840e-01    9.768924e-01    
886.0           5.462535e-01    9.867678e-01    
887.0           5.015158e-01    9.939205e-01    
888.0           4.553942e-01    9.939205e-01    
889.0           4.080161e-01    9.983307e-01    
890.0           3.595121e-01    9.999862e-01    
891.0           3.100161e-01    9.988824e-01    
892.0           2.596647e-01    9.988824e-01    
893.0           2.085968e-01    9.950225e-01    
894.0           1.569533e-01    9.884169e-01    
895.0           1.048768e-01    9.790841e-01    
896.0           5.251083e-02    9.790841e-01    
897.0           5.389684e-15    9.670497e-01    
898.0           -5.251083e-02   9.523468e-01    
899.0           -1.048768e-01   9.523468e-01    
900.0           -1.569533e-01   9.350162e-01    
901.0           -2.085968e-01   9.151057e-01    
902.0           -2.596647e-01   8.926700e-01    
903.0           -3.100161e-01   8.926700e-01    
904.0           -3.595121e-01   8.677713e-01    
905.0           -4.080161e-01   8.404781e-01    
906.0           -4.553942e-01   8.108657e-01    
907.0           -5.015158e-01   8.108657e-01    
908.0           -5.462535e-01   7.790160e-01    
909.0           -5.894840e-01   7.450167e-01    
910.0           -6.310879e-01   7.089617e-01    
911.0           -6.709505e-01   7.089617e-01    
912.0           -7.089617e-01   6.709505e-01    
913.0           -7.450167e-01   6.310879e-01    
914.0           -7.790160e-01   5.894840e-01    
915.0           -8.108657e-01   5.894840e-01    
916.0           -8.404781e-01   5.462535e-01    
917.0           -8.677713e-01   5.015158e-01    
918.0           -8.926700e-01   4.553942e-01    
919.0           -9.151057e-01   4.553942e-01    
920.0           -9.350162e-01   4.080161e-01    
921.0           -9.523468e-01   3.595121e-01    
922.0           -9.670497e-01   3.100161e-01    
923.0           -9.790841e-01   3.100161e-01    
924.0           -9.884169e-01   2.596647e-01    
925.0           -9.950225e-01   2.085968e-01    
926.0           -9.988824e-01   1.569533e-01    
927.0           -9.999862e-01   1.569533e-01    
928.0           -9.983307e-01   1.048768e-01    
929.0           -9.939205e-01   5.251083e-02    
930.0           -9.867678e-01   5.389684e-15    
931.0           -9.768924e-01   5.389684e-15    
932.0           -9.643214e-01   -5.251083e-02   
933.0           -9.490895e-01   -1.048768e-01   
934.0           -9.312389e-01   -1.569533e-01   
935.0           -9.108186e-01   -1.569533e-01   
936.0           -8.878852e-01   -2.085968e-01   
937.0           -8.625019e-01   -2.596647e-01   
938.0           -8.347386e-01   -3.100161e-01   
939.0           -8.046721e-01   -3.100161e-01   
940.0           -7.723852e-01   -3.595121e-01   
941.0           -7.379671e-01   -4.080161e-01   
942.0           -7.015127e-01   -4.553942e-01   
943.0           -6.631227e-01   -4.553942e-01   
944.0           -6.229029e-01   -5.015158e-01   
945.0           -5.809643e-01   -5.462535e-01   
946.0           -5.374227e-01   -5.894840e-01   
947.0           -4.923982e-01   -5.894840e-01   
948.0           -4.460150e-01   -6.310879e-01   
949.0           -3.984011e-01   -6.709505e-01   
950.0           -3.496879e-01   -7.089617e-01   
951.0           -3.000098e-01   -7.089617e-01   
952.0           -2.495040e-01   -7.450167e-01   
953.0           -1.983096e-01   -7.790160e-01   
954.0           -1.465681e-01   -8.108657e-01   
955.0           -9.442212e-02   -8.108657e-01   
956.0           -4.201562e-02   -8.404781e-01   
957.0           1.050681e-02    -8.677713e-01   
958.0           6.300024e-02    -8.926700e-01   
959.0           1.153198e-01    -8.926700e-01   
960.0           1.673212e-01    -9.151057e-01   
961.0           2.188610e-01    -9.350162e-01   
962.0           2.697968e-01    -9.523468e-01   
963.0           3.199881e-01    -9.523468e-01   
964.0           3.692966e-01    -9.670497e-01   
965.0           4.175860e-01    -9.790841e-01   
966.0           4.647232e-01    -9.884169e-01   
967.0           5.105781e-01    -9.884169e-01   
968.0           5.550241e-01    -9.950225e-01   
969.0           5.979387e-01    -9.988824e-01   
970.0           6.392034e-01    -9.999862e-01   
971.0           6.787043e-01    -9.999862e-01   
972.0           7.163325e-01    -9.983307e-01   
973.0           7.519841e-01    -9.939205e-01   
974.0           7.855608e-01    -9.867678e-01   
975.0           8.169699e-01    -9.867678e-01   
976.0           8.461247e-01    -9.768924e-01   
977.0           8.729449e-01    -9.643214e-01   
978.0           8.973563e-01    -9.490895e-01   
979.0           9.192916e-01    -9.490895e-01   
980.0           9.386904e-01    -9.312389e-01   
981.0           9.554990e-01    -9.108186e-01   
982.0           9.696712e-01    -8.878852e-01   
983.0           9.811677e-01    -8.878852e-01   
984.0           9.899569e-01    -8.625019e-01   
985.0           9.960146e-01    -8.347386e-01   
986.0           9.993239e-01    -8.046721e-01   
987.0           9.998758e-01    -8.046721e-01   
988.0           9.976688e-01    -7.723852e-01   
989.0           9.927089e-01    -7.379671e-01   
990.0           9.850098e-01    -7.015127e-01   
991.0           9.745928e-01    -7.015127e-01   
992.0           9.614866e-01    -6.631227e-01   
993.0           9.457274e-01    -6.229029e-01   
994.0           9.273587e-01    -5.809643e-01   
995.0           9.064311e-01    -5.809643e-01   
996.0           8.830024e-01    -5.374227e-01   
997.0           8.571372e-01    -4.923982e-01   
998.0           8.289070e-01    -4.460150e-01   
999.0           7.983895e-01    -4.460150e-01   
1000.0          7.656691e-01    -3.984011e-01   
1001.0          7.308360e-01    -3.496879e-01   
1002.0          6.939862e-01    -3.000098e-01   
1003.0          6.552216e-01    -3.000098e-01   
1004.0          6.146490e-01    -2.495040e-01   
1005.0          5.723804e-01    -1.983096e-01   
1006.0          5.285325e-01    -1.465681e-01   
1007.0          4.832262e-01    -1.465681e-01   
1008.0          4.365865e-01    -9.442212e-02   
1009.0          3.887421e-01    -4.201562e-02   
1010.0          3.398251e-01    1.050681e-02    
1011.0          2.899705e-01    1.050681e-02    
1012.0          2.393157e-01    6.300024e-02    
1013.0          1.880005e-01    1.153198e-01    
1014.0          1.361666e-01    1.673212e-01    
1015.0          8.395704e-02    1.673212e-01    
1016.0          3.151578e-02    2.188610e-01    
1017.0          -2.101245e-02   2.697968e-01    
1018.0          -7.348270e-02   3.199881e-01    
1019.0          -1.257502e-01   3.199881e-01    
1020.0          -1.776707e-01   3.692966e-01    
1021.0          -2.291010e-01   4.175860e-01    
1022.0          -2.798991e-01   4.647232e-01    
1023.0          -3.299248e-01   4.647232e-01    
1024.0          -3.790403e-01   5.105781e-01    
1025.0          -4.271098e-01   5.550241e-01    
1026.0          -4.740008e-01   5.979387e-01    
1027.0          -5.195840e-01   5.979387e-01    
1028.0          -5.637334e-01   6.392034e-01    
1029.0          -6.063273e-01   6.787043e-01    
1030.0          -6.472482e-01   7.163325e-01    
1031.0          -6.863832e-01   7.163325e-01    
1032.0          -7.236242e-01   7.519841e-01    
1033.0          -7.588685e-01   7.855608e-01    
1034.0          -7.920189e-01   8.169699e-01    
1035.0          -8.229839e-01   8.169699e-01    
1036.0          -8.516780e-01   8.461247e-01    
1037.0          -8.780221e-01   8.729449e-01    
1038.0          -9.019435e-01   8.973563e-01    
1039.0          -9.233761e-01   8.973563e-01    
1040.0          -9.422609e-01   9.192916e-01    
1041.0          -9.585457e-01   9.386904e-01    
1042.0          -9.721857e-01   9.554990e-01    
1043.0          -9.831430e-01   9.554990e-01    
1044.0          -9.913876e-01   9.696712e-01    
1045.0          -9.968967e-01   9.811677e-01    
1046.0          -9.996550e-01   9.899569e-01    
1047.0          -9.996550e-01   9.899569e-01    
1048.0          -9.968967e-01   9.960146e-01    
1049.0          -9.913876e-01   9.993239e-01    
1050.0          -9.831430e-01   9.998758e-01    
1051.0          -9.721857e-01   9.998758e-01    
1052.0          -9.585457e-01   9.976688e-01    
1053.0          -9.422609e-01   9.927089e-01    
1054.0          -9.233761e-01   9.850098e-01    
1055.0          -9.019435e-01   9.850098e-01    
1056.0          -8.780221e-01   9.745928e-01    
1057.0          -8.516780e-01   9.614866e-01    
1058.0          -8.229839e-01   9.457274e-01    
1059.0          -7.920189e-01   9.457274e-01    
1060.0          -7.588685e-01   9.273587e-01    
1061.0          -7.236242e-01   9.064311e-01    
1062.0          -6.863832e-01   8.830024e-01    
1063.0          -6.472482e-01   8.830024e-01    
1064.0          -6.063273e-01   8.571372e-01    
1065.0          -5.637334e-01   8.289070e-01    
1066.0          -5.195840e-01   7.983895e-01    
1067.0          -4.740008e-01   7.983895e-01    
1068.0          -4.271098e-01   7.656691e-01    
1069.0          -3.790403e-01   7.308360e-01    
1070.0          -3.299248e-01   6.939862e-01    
1071.0          -2.798991e-01   6.939862e-01    
1072.0          -2.291010e-01   6.552216e-01    
1073.0          -1.776707e-01   6.146490e-01    
1074.0          -1.257502e-01   5.723804e-01    
1075.0          -7.348270e-02   5.723804e-01    
1076.0          -2.101245e-02   5.285325e-01    
1077.0          3.151578e-02    4.832262e-01    
1078.0          8.395704e-02    4.365865e-01    
1079.0          1.361666e-01    4.365865e-01    
1080.0          1.880005e-01    3.887421e-01    
1081.0          2.393157e-01    3.398251e-01    
1082.0          2.899705e-01    2.899705e-01    
1083.0          3.398251e-01    2.899705e-01    
1084.0          3.887421e-01    2.393157e-01    
1085.0          4.365865e-01    1.880005e-01    
1086.0          4.832262e-01    1.361666e-01    
1087.0          5.285325e-01    1.361666e-01    
1088.0          5.723804e-01    8.395704e-02    
1089.0          6.146490e-01    3.151578e-02    
1090.0          6.552216e-01    -2.101245e-02   
1091.0          6.939862e-01    -2.101245e-02   
1092.0          7.308360e-01    -7.348270e-02   
1093.0          7.656691e-01    -1.257502e-01   
1094.0          7.983895e-01    -1.776707e-01   
1095.0          8.289070e-01    -1.776707e-01   
1096.0          8.571372e-01    -2.291010e-01   
1097.0          8.830024e-01    -2.798991e-01   
1098.0          9.064311e-01    -3.299248e-01   
1099.0          9.273587e-01    -3.299248e-01   
1100.0          9.457274e-01    -3.790403e-01   
1101.0          9.614866e-01    -4.271098e-01   
1102.0          9.745928e-01    -4.740008e-01   
1103.0          9.850098e-01    -4.740008e-01   
1104.0          9.927089e-01    -5.195840e-01   
1105.0          9.976688e-01    -5.637334e-01   
1106.0          9.998758e-01    -6.063273e-01   
1107.0          9.993239e-01    -6.063273e-01   
1108.0          9.960146e-01    -6.472482e-01   
1109.0          9.899569e-01    -6.863832e-01   
1110.0          9.811677e-01    -7.236242e-01   
1111.0          9.696712e-01    -7.236242e-01   
1112.0          9.554990e-01    -7.588685e-01   
1113.0          9.386904e-01    -7.920189e-01   
1114.0          9.192916e-01    -8.229839e-01   
1115.0          8.973563e-01    -8.229839e-01   
1116.0          8.729449e-01    -8.516780e-01   
1117.0          8.461247e-01    -8.780221e-01   
1118.0          8.169699e-01    -9.019435e-01   
1119.0          7.855608e-01    -9.019435e-01   
1120.0          7.519841e-01    -9.233761e-01   
1121.0          7.163325e-01    -9.422609e-01   
1122.0          6.787043e-01    -9.585457e-01   
1123.0          6.392034e-01    -9.585457e-01   
1124.0          5.979387e-01    -9.721857e-01   
1125.0          5.550241e-01    -9.831430e-01   
1126.0          5.105781e-01    -9.913876e-01   
1127.0          4.647232e-01    -9.913876e-01   
1128.0          4.175860e-01    -9.968967e-01   
1129.0          3.692966e-01    -9.996550e-01   
1130.0          3.199881e-01    -9.996550e-01   
1131.0          2.697968e-01    -9.996550e-01   
1132.0          2.188610e-01    -9.968967e-01   
1133.0          1.673212e-01    -9.913876e-01   
1134.0          1.153198e-01    -9.831430e-01   
1135.0          6.300024e-02    -9.831430e-01   
1136.0          1.050681e-02    -9.721857e-01   
1137.0          -4.201562e-02   -9.585457e-01   
1138.0          -9.442212e-02   -9.422609e-01   
1139.0          -1.465681e-01   -9.422609e-01   
1140.0          -1.983096e-01   -9.233761e-01   
1141.0          -2.495040e-01   -9.019435e-01   
1142.0          -3.000098e-01   -8.780221e-01   
1143.0          -3.496879e-01   -8.780221e-01   
1144.0          -3.984011e-01   -8.516780e-01   
1145.0          -4.460150e-01   -8.229839e-01   
1146.0          -4.923982e-01   -7.920189e-01   
1147.0          -5.374227e-01   -7.920189e-01   
1148.0          -5.809643e-01   -7.588685e-01   
1149.0          -6.229029e-01   -7.236242e-01   
1150.0          -6.631227e-01   -6.863832e-01   
1151.0          -7.015127e-01   -6.863832e-01   
1152.0          -7.379671e-01   -6.472482e-01   
1153.0          -7.723852e-01   -6.063273e-01   
1154.0          -8.046721e-01   -5.637334e-01   
1155.0          -8.347386e-01   -5.637334e-01   
1156.0          -8.625019e-01   -5.195840e-01   
1157.0          -8.878852e-01   -4.740008e-01   
1158.0          -9.108186e-01   -4.271098e-01   
1159.0          -9.312389e-01   -4.271098e-01   
1160.0          -9.490895e-01   -3.790403e-01   
1161.0          -9.643214e-01   -3.299248e-01   
1162.0          -9.768924e-01   -2.798991e-01   
1163.0          -9.867678e-01   -2.798991e-01   
1164.0          -9.939205e-01   -2.291010e-01   
1165.0          -9.983307e-01   -1.776707e-01   
1166.0          -9.999862e-01   -1.257502e-01   
1167.0          -9.988824e-01   -1.257502e-01   
1168.0          -9.950225e-01   -7.348270e-02   
1169.0          -9.884169e-01   -2.101245e-02   
1170.0          -9.790841e-01   3.151578e-02    
1171.0          -9.670497e-01   3.151578e-02    
1172.0          -9.523468e-01   8.395704e-02    
1173.0          -9.350162e-01   1.361666e-01    
1174.0          -9.151057e-01   1.880005e-01    
1175.0          -8.926700e-01   1.880005e-01    
1176.0          -8.677713e-01   2.393157e-01    
1177.0          -8.404781e-01   2.899705e-01    
1178.0          -8.108657e-01   3.398251e-01    
1179.0          -7.790160e-01   3.398251e-01    
1180.0          -7.450167e-01   3.887421e-01    
1181.0          -7.089617e-01   4.365865e-01    
1182.0          -6.709505e-01   4.832262e-01    
1183.0          -6.310879e-01   4.832262e-01    
1184.0          -5.894840e-01   5.285325e-01    
1185.0          -5.462535e-01   5.723804e-01    
1186.0          -5.015158e-01   6.146490e-01    
1187.0          -4.553942e-01   6.146490e-01    
1188.0          -4.080161e-01   6.552216e-01    
1189.0          -3.595121e-01   6.939862e-01    
1190.0          -3.100161e-01   7.308360e-01    
1191.0          -2.596647e-01   7.308360e-01    
1192.0          -2.085968e-01   7.656691e-01    
1193.0          -1.569533e-01   7.983895e-01    
1194.0          -1.048768e-01   8.289070e-01    
1195.0          -5.251083e-02   8.289070e-01    
