0.0             0.000000e+00    0.000000e+00    
1.0             1.546351e-01    1.546351e-01    
2.0             4.332658e-01    1.054942e+00    
3.0             1.054942e+00    5.083706e-01    
4.0             5.083706e-01    3.477342e-01    
5.0             3.477342e-01    3.101945e-01    
6.0             3.101945e-01    -5.360323e-02   
7.0             6.624859e-01    -4.717898e-01   
8.0             -5.360323e-02   -2.747838e-02   
9.0             -4.717898e-01   9.572348e-01    
10.0            -2.747838e-02   2.159468e+00    
11.0            9.572348e-01    1.519331e+00    
12.0            1.806298e+00    1.803997e+00    
13.0            2.159468e+00    1.762044e+00    
14.0            1.519331e+00    1.383619e+00    
15.0            1.803997e+00    5.302331e-01    
16.0            1.762044e+00    2.628930e-01    
17.0            1.093193e+00    -6.593438e-01   
18.0            1.383619e+00    -4.192722e-01   
19.0            5.302331e-01    3.544622e-01    
20.0            2.628930e-01    7.032253e-01    
21.0            -6.593438e-01   1.111257e-01    
22.0            -7.701693e-01   1.778874e+00    
23.0            -4.192722e-01   1.647660e+00    
24.0            3.544622e-01    1.503014e+00    
25.0            7.032253e-01    1.215501e+00    
26.0            1.111257e-01    1.000526e+00    
27.0            8.847574e-01    1.770631e+00    
28.0            1.778874e+00    1.717218e+00    
29.0            1.647660e+00    1.342177e+00    
30.0            1.503014e+00    2.856687e+00    
31.0            1.215501e+00    3.023017e+00    
32.0            9.204241e-01    2.751896e+00    
33.0            1.000526e+00    3.745756e+00    
34.0            1.770631e+00    2.234928e+00    
35.0            1.717218e+00    2.492810e+00    
36.0            1.342177e+00    1.569062e+00    
37.0            1.951320e+00    1.819675e+00    
38.0            2.856687e+00    2.325865e+00    
39.0            3.023017e+00    1.714126e+00    
40.0            2.751896e+00    8.114196e-01    
41.0            3.745756e+00    1.625443e+00    
42.0            2.745910e+00    2.450832e+00    
43.0            2.234928e+00    1.959452e+00    
44.0            2.492810e+00    1.653961e+00    
45.0            1.569062e+00    1.198571e+00    
46.0            1.819675e+00    3.787845e-01    
47.0            2.738407e+00    4.263640e-01    
48.0            2.325865e+00    -8.461471e-02   
49.0            1.714126e+00    2.844444e-02    
50.0            8.114196e-01    7.674524e-02    
51.0            1.625443e+00    3.713225e-02    
52.0            1.605284e+00    -6.267599e-01   
53.0            2.450832e+00    -2.216161e-01   
54.0            1.959452e+00    3.054800e-02    
55.0            1.653961e+00    8.504025e-01    
56.0            1.198571e+00    5.615692e-01    
57.0            3.110602e-01    9.322780e-01    
58.0            3.787845e-01    -6.665127e-02   
59.0            4.263640e-01    7.996877e-01    
60.0            -8.461471e-02   3.461967e-01    
61.0            2.844444e-02    -5.244241e-01   
62.0            8.877578e-01    -9.906720e-01   
63.0            7.674524e-02    -3.480151e-01   
64.0            3.713225e-02    -3.708545e-02   
65.0            -6.267599e-01   -9.606680e-01   
66.0            -2.216161e-01   -1.208292e+00   
67.0            -5.354497e-01   -3.620204e-01   
68.0            3.054800e-02    -8.988474e-01   
69.0            8.504025e-01    -1.575206e+00   
70.0            5.615692e-01    -2.255186e+00   
71.0            9.322780e-01    -1.968498e+00   
72.0            -6.590102e-02   -1.684495e+00   
73.0            -6.665127e-02   -2.578176e+00   
74.0            7.996877e-01    -2.200620e+00   
75.0            3.461967e-01    -2.616589e+00   
76.0            -5.244241e-01   -2.835710e+00   
77.0            -5.632307e-01   -2.389846e+00   
78.0            -9.906720e-01   -2.420024e+00   
79.0            -3.480151e-01   -2.086063e+00   
80.0            -3.708545e-02   -2.325639e+00   
81.0            -9.606680e-01   -1.623071e+00   
82.0            -4.735348e-01   -1.499525e+00   
83.0            -1.208292e+00   -1.250306e+00   
84.0            -3.620204e-01   -1.595959e+00   
85.0            -8.988474e-01   -1.148940e+00   
86.0            -1.575206e+00   -3.784605e-02   
87.0            -2.205390e+00   8.996917e-01    
88.0            -2.255186e+00   1.647659e+00    
89.0            -1.968498e+00   2.127409e+00    
90.0            -1.684495e+00   1.334456e+00    
91.0            -2.578176e+00   1.404000e+00    
92.0            -1.710316e+00   2.170310e+00    
93.0            -2.200620e+00   1.686039e+00    
94.0            -2.616589e+00   7.102427e-01    
95.0            -2.835710e+00   1.263343e+00    
96.0            -2.389846e+00   2.230239e+00    
97.0            -2.006699e+00   1.838358e+00    
98.0            -2.420024e+00   9.785965e-01    
99.0            -2.086063e+00   5.865907e-01    
100.0           -2.325639e+00   1.003394e+00    
101.0           -1.623071e+00   5.733341e-01    
102.0           -2.251428e+00   -6.768700e-01   
103.0           -1.499525e+00   -4.937468e-01   
104.0           -1.250306e+00   4.853640e-01    
105.0           -1.595959e+00   -2.809553e-01   
106.0           -1.148940e+00   1.090516e+00    
107.0           -2.399520e-01   4.710534e-01    
108.0           -3.784605e-02   1.292853e+00    
109.0           8.996917e-01    2.129284e+00    
110.0           1.647659e+00    1.480801e+00    
111.0           2.127409e+00    1.355024e+00    
112.0           1.563820e+00    5.719661e-01    
113.0           1.334456e+00    -2.918423e-01   
114.0           1.404000e+00    -4.462267e-01   
115.0           2.170310e+00    1.192130e-01    
116.0           1.686039e+00    -6.262154e-01   
117.0           1.065127e+00    -1.518209e-01   
118.0           7.102427e-01    -3.089090e-02   
119.0           1.263343e+00    1.970812e-01    
120.0           2.230239e+00    2.730026e-01    
121.0           1.838358e+00    -1.268438e-01   
122.0           1.547175e+00    1.441433e+00    
123.0           9.785965e-01    2.132220e+00    
124.0           5.865907e-01    2.917998e+00    
125.0           1.003394e+00    2.919026e+00    
126.0           5.733341e-01    2.405220e+00    
127.0           2.197763e-03    3.057302e+00    
128.0           -6.768700e-01   3.339221e+00    
129.0           -4.937468e-01   2.478029e+00    
130.0           4.853640e-01    1.678857e+00    
131.0           -2.809553e-01   2.413879e+00    
132.0           1.044106e-01    1.812867e+00    
133.0           1.090516e+00    1.251499e+00    
134.0           4.710534e-01    1.936423e+00    
135.0           1.292853e+00    1.712010e+00    
136.0           2.129284e+00    2.224316e+00    
137.0           2.459204e+00    2.105970e+00    
138.0           1.480801e+00    3.088269e+00    
139.0           1.355024e+00    3.423352e+00    
140.0           5.719661e-01    2.977419e+00    
141.0           -2.918423e-01   3.181886e+00    
142.0           5.386151e-01    3.336262e+00    
143.0           -4.462267e-01   4.154207e+00    
144.0           1.192130e-01    4.540149e+00    
145.0           -6.262154e-01   4.122830e+00    
146.0           -1.518209e-01   3.918327e+00    
147.0           4.544645e-01    4.391463e+00    
148.0           -3.089090e-02   5.266265e+00    
149.0           1.970812e-01    5.558918e+00    
150.0           2.730026e-01    5.469853e+00    
151.0           -1.268438e-01   5.803355e+00    
152.0           8.437640e-01    6.789968e+00    
153.0           1.441433e+00    6.746283e+00    
154.0           2.132220e+00    6.702803e+00    
155.0           2.917998e+00    7.420023e+00    
156.0           2.919026e+00    8.158813e+00    
157.0           2.563852e+00    8.303305e+00    
158.0           2.405220e+00    7.633526e+00    
159.0           3.057302e+00    7.035044e+00    
160.0           3.339221e+00    7.039147e+00    
161.0           2.478029e+00    6.723420e+00    
162.0           1.628951e+00    7.083300e+00    
163.0           1.678857e+00    7.924364e+00    
164.0           2.413879e+00    7.916951e+00    
165.0           1.812867e+00    7.485360e+00    
166.0           1.251499e+00    8.141451e+00    
167.0           1.102398e+00    7.547578e+00    
168.0           1.936423e+00    6.775297e+00    
169.0           1.712010e+00    7.173790e+00    
170.0           2.224316e+00    7.242850e+00    
171.0           2.105970e+00    7.610353e+00    
172.0           2.571892e+00    8.415872e+00    
173.0           3.088269e+00    7.774344e+00    
174.0           3.423352e+00    9.555214e+00    
175.0           2.977419e+00    1.016984e+01    
176.0           3.181886e+00    1.094622e+01    
177.0           4.091858e+00    1.127504e+01    
178.0           3.336262e+00    1.075525e+01    
179.0           4.154207e+00    1.135394e+01    
180.0           4.540149e+00    1.182336e+01    
181.0           4.122830e+00    1.280569e+01    
182.0           3.588843e+00    1.223806e+01    
183.0           3.918327e+00    1.127517e+01    
184.0           4.391463e+00    1.054638e+01    
185.0           5.266265e+00    1.090738e+01    
186.0           5.558918e+00    1.095067e+01    
187.0           5.618220e+00    1.020135e+01    
188.0           5.469853e+00    9.764770e+00    
189.0           5.803355e+00    1.014797e+01    
190.0           6.789968e+00    9.668089e+00    
191.0           6.746283e+00    9.580629e+00    
192.0           6.169517e+00    1.031150e+01    
193.0           6.702803e+00    1.120082e+01    
194.0           7.420023e+00    1.070158e+01    
195.0           8.158813e+00    1.124435e+01    
196.0           8.303305e+00    1.104796e+01    
197.0           7.974700e+00    1.103769e+01    
198.0           7.633526e+00    1.227864e+01    
199.0           7.035044e+00    1.192793e+01    
200.0           7.039147e+00    1.271103e+01    
201.0           6.723420e+00    1.284386e+01    
202.0           6.475210e+00    1.090637e+01    
203.0           7.083300e+00    1.095846e+01    
204.0           7.924364e+00    1.167183e+01    
205.0           7.916951e+00    1.095467e+01    
206.0           7.485360e+00    1.034633e+01    
207.0           7.265262e+00    1.068755e+01    
208.0           8.141451e+00    1.041831e+01    
209.0           7.547578e+00    1.065380e+01    
210.0           6.775297e+00    1.095684e+01    
211.0           7.173790e+00    1.174262e+01    
212.0           7.036648e+00    1.200827e+01    
213.0           7.242850e+00    1.247342e+01    
214.0           7.610353e+00    1.199053e+01    
215.0           8.415872e+00    1.191963e+01    
216.0           7.774344e+00    1.280508e+01    
217.0           8.746361e+00    1.217158e+01    
218.0           9.555214e+00    1.150156e+01    
219.0           1.016984e+01    1.211102e+01    
220.0           1.094622e+01    1.141242e+01    
221.0           1.127504e+01    1.047346e+01    
222.0           1.101306e+01    9.401846e+00    
223.0           1.075525e+01    1.008606e+01    
224.0           1.135394e+01    1.067858e+01    
225.0           1.182336e+01    1.038714e+01    
226.0           1.280569e+01    1.187220e+01    
227.0           1.282445e+01    1.253923e+01    
228.0           1.223806e+01    1.345545e+01    
229.0           1.127517e+01    1.414493e+01    
230.0           1.054638e+01    1.586201e+01    
231.0           1.090738e+01    1.547566e+01    
232.0           1.019401e+01    1.510351e+01    
233.0           1.095067e+01    1.446478e+01    
234.0           1.020135e+01    1.457488e+01    
235.0           9.764770e+00    1.548426e+01    
236.0           1.014797e+01    1.586444e+01    
237.0           1.020950e+01    1.612066e+01    
238.0           9.668089e+00    1.580600e+01    
239.0           9.580629e+00    1.624594e+01    
240.0           1.031150e+01    1.591471e+01    
241.0           1.120082e+01    1.505203e+01    
242.0           1.067132e+01    1.547174e+01    
243.0           1.070158e+01    1.536774e+01    
244.0           1.124435e+01    1.479146e+01    
245.0           1.104796e+01    1.555596e+01    
246.0           1.103769e+01    1.574738e+01    
247.0           1.165950e+01    1.520992e+01    
248.0           1.227864e+01    1.596037e+01    
249.0           1.192793e+01    1.545452e+01    
250.0           1.271103e+01    1.545982e+01    
251.0           1.284386e+01    1.559225e+01    
252.0           1.184643e+01    1.654070e+01    
253.0           1.090637e+01    1.615572e+01    
254.0           1.095846e+01    1.457499e+01    
255.0           1.167183e+01    1.506582e+01    
256.0           1.095467e+01    1.491286e+01    
257.0           1.126395e+01    1.449425e+01    
258.0           1.034633e+01    1.524883e+01    
259.0           1.068755e+01    1.449728e+01    
260.0           1.041831e+01    1.462443e+01    
261.0           1.065380e+01    1.495146e+01    
262.0           1.048196e+01    1.517942e+01    
263.0           1.095684e+01    1.461221e+01    
264.0           1.174262e+01    1.431114e+01    
265.0           1.200827e+01    1.421874e+01    
266.0           1.247342e+01    1.308739e+01    
267.0           1.265974e+01    1.219469e+01    
268.0           1.199053e+01    1.151364e+01    
269.0           1.191963e+01    1.066043e+01    
270.0           1.280508e+01    1.144927e+01    
271.0           1.217158e+01    1.191711e+01    
272.0           1.182925e+01    1.280395e+01    
273.0           1.150156e+01    1.321614e+01    
274.0           1.211102e+01    1.233739e+01    
275.0           1.141242e+01    1.200656e+01    
276.0           1.047346e+01    1.178372e+01    
277.0           9.747476e+00    1.178323e+01    
278.0           9.401846e+00    1.229367e+01    
279.0           1.008606e+01    1.241772e+01    
280.0           1.067858e+01    1.339623e+01    
281.0           1.038714e+01    1.428974e+01    
282.0           1.091310e+01    1.581056e+01    
283.0           1.187220e+01    1.503495e+01    
284.0           1.253923e+01    1.549207e+01    
285.0           1.345545e+01    1.557507e+01    
286.0           1.414493e+01    1.725035e+01    
287.0           1.492973e+01    1.751961e+01    
288.0           1.586201e+01    1.831987e+01    
289.0           1.547566e+01    1.789774e+01    
290.0           1.510351e+01    1.705294e+01    
291.0           1.446478e+01    1.703392e+01    
292.0           1.456149e+01    1.772000e+01    
293.0           1.457488e+01    1.811098e+01    
294.0           1.548426e+01    1.783840e+01    
295.0           1.586444e+01    1.776101e+01    
296.0           1.612066e+01    1.863477e+01    
297.0           1.624145e+01    1.868971e+01    
298.0           1.580600e+01    1.702506e+01    
299.0           1.624594e+01    1.738565e+01    
300.0           1.591471e+01    1.792470e+01    
301.0           1.505203e+01    1.815325e+01    
302.0           1.556258e+01    1.799704e+01    
303.0           1.547174e+01    1.795704e+01    
304.0           1.536774e+01    1.753437e+01    
305.0           1.479146e+01    1.737522e+01    
306.0           1.555596e+01    1.736594e+01    
307.0           1.598259e+01    1.692336e+01    
308.0           1.574738e+01    1.755331e+01    
309.0           1.520992e+01    1.830266e+01    
310.0           1.596037e+01    1.888394e+01    
311.0           1.545452e+01    1.983056e+01    
312.0           1.515169e+01    1.914338e+01    
313.0           1.545982e+01    1.743913e+01    
314.0           1.559225e+01    1.720146e+01    
315.0           1.654070e+01    1.688339e+01    
316.0           1.615572e+01    1.787698e+01    
317.0           1.527982e+01    1.690774e+01    
318.0           1.457499e+01    1.725660e+01    
319.0           1.506582e+01    1.661471e+01    
320.0           1.491286e+01    1.758001e+01    
321.0           1.449425e+01    1.858875e+01    
322.0           1.534045e+01    1.919518e+01    
323.0           1.524883e+01    1.848316e+01    
324.0           1.449728e+01    1.825177e+01    
325.0           1.462443e+01    1.814044e+01    
326.0           1.495146e+01    1.880550e+01    
327.0           1.508995e+01    1.968668e+01    
328.0           1.517942e+01    1.990574e+01    
329.0           1.461221e+01    2.077195e+01    
330.0           1.431114e+01    2.086616e+01    
331.0           1.421874e+01    2.118387e+01    
332.0           1.339613e+01    2.080829e+01    
333.0           1.308739e+01    2.098453e+01    
334.0           1.219469e+01    2.104588e+01    
335.0           1.151364e+01    2.105323e+01    
336.0           1.066043e+01    2.028510e+01    
337.0           1.151797e+01    2.102812e+01    
338.0           1.144927e+01    2.074249e+01    
339.0           1.191711e+01    2.068956e+01    
340.0           1.280395e+01    1.977646e+01    
341.0           1.321614e+01    2.065976e+01    
342.0           1.240565e+01    2.114389e+01    
343.0           1.233739e+01    2.023465e+01    
344.0           1.200656e+01    1.930494e+01    
345.0           1.178372e+01    1.807304e+01    
346.0           1.178323e+01    1.762549e+01    
347.0           1.259472e+01    1.746411e+01    
348.0           1.229367e+01    1.751427e+01    
349.0           1.241772e+01    1.705827e+01    
350.0           1.339623e+01    1.613156e+01    
351.0           1.428974e+01    1.607153e+01    
352.0           1.482157e+01    1.594714e+01    
353.0           1.581056e+01    1.583974e+01    
354.0           1.503495e+01    1.568083e+01    
355.0           1.549207e+01    1.535528e+01    
356.0           1.557507e+01    1.576355e+01    
357.0           1.641959e+01    1.638715e+01    
358.0           1.725035e+01    1.629946e+01    
359.0           1.751961e+01    1.630737e+01    
360.0           1.831987e+01    1.588227e+01    
361.0           1.789774e+01    1.625692e+01    
362.0           1.766439e+01    1.676506e+01    
363.0           1.705294e+01    1.598932e+01    
364.0           1.703392e+01    1.664491e+01    
365.0           1.772000e+01    1.616154e+01    
366.0           1.811098e+01    1.705850e+01    
367.0           1.765452e+01    1.670991e+01    
368.0           1.783840e+01    1.680237e+01    
369.0           1.776101e+01    1.666274e+01    
370.0           1.863477e+01    1.710697e+01    
371.0           1.868971e+01    1.678935e+01    
372.0           1.790910e+01    1.768331e+01    
373.0           1.702506e+01    1.699109e+01    
374.0           1.738565e+01    1.693581e+01    
375.0           1.792470e+01    1.765658e+01    
376.0           1.722314e+01    1.803306e+01    
377.0           1.815325e+01    1.900878e+01    
378.0           1.799704e+01    1.852880e+01    
379.0           1.795704e+01    1.809764e+01    
380.0           1.753437e+01    1.861247e+01    
381.0           1.798197e+01    1.849831e+01    
382.0           1.737522e+01    1.891029e+01    
383.0           1.736594e+01    1.894894e+01    
384.0           1.692336e+01    1.941428e+01    
385.0           1.755331e+01    1.892952e+01    
386.0           1.820483e+01    1.902649e+01    
387.0           1.830266e+01    1.855232e+01    
388.0           1.888394e+01    1.766659e+01    
389.0           1.983056e+01    1.945279e+01    
390.0           1.914338e+01    1.971109e+01    
391.0           1.842636e+01    2.062963e+01    
392.0           1.743913e+01    2.014240e+01    
393.0           1.720146e+01    1.889851e+01    
394.0           1.688339e+01    1.913582e+01    
395.0           1.787698e+01    1.928769e+01    
396.0           1.747384e+01    1.961492e+01    
397.0           1.690774e+01    1.837116e+01    
398.0           1.725660e+01    1.892626e+01    
399.0           1.661471e+01    1.661471e+01    
400.0           1.758001e+01    1.758001e+01    
401.0           1.807199e+01    1.807199e+01    
402.0           1.858875e+01    1.858875e+01    
403.0           1.919518e+01    1.919518e+01    
404.0           1.848316e+01    1.848316e+01    
405.0           1.825177e+01    1.825177e+01    
406.0           1.883716e+01    1.883716e+01    
407.0           1.814044e+01    1.814044e+01    
408.0           1.880550e+01    1.880550e+01    
409.0           1.968668e+01    1.968668e+01    
410.0           1.990574e+01    1.990574e+01    
411.0           2.075847e+01    2.075847e+01    
412.0           2.077195e+01    2.077195e+01    
413.0           2.086616e+01    2.086616e+01    
414.0           2.118387e+01    2.118387e+01    
415.0           2.080829e+01    2.080829e+01    
416.0           2.073026e+01    2.073026e+01    
417.0           2.098453e+01    2.098453e+01    
418.0           2.104588e+01    2.104588e+01    
419.0           2.105323e+01    2.105323e+01    
420.0           2.028510e+01    2.028510e+01    
421.0           2.051502e+01    2.051502e+01    
422.0           2.102812e+01    2.102812e+01    
423.0           2.074249e+01    2.074249e+01    
424.0           2.068956e+01    2.068956e+01    
425.0           1.977646e+01    1.977646e+01    
426.0           1.991893e+01    1.991893e+01    
427.0           2.065976e+01    2.065976e+01    
428.0           2.114389e+01    2.114389e+01    
429.0           2.023465e+01    2.023465e+01    
430.0           1.930494e+01    1.930494e+01    
431.0           1.882838e+01    1.882838e+01    
432.0           1.807304e+01    1.807304e+01    
433.0           1.762549e+01    1.762549e+01    
434.0           1.746411e+01    1.746411e+01    
435.0           1.751427e+01    1.751427e+01    
436.0           1.653950e+01    1.653950e+01    
437.0           1.705827e+01    1.705827e+01    
438.0           1.613156e+01    1.613156e+01    
439.0           1.607153e+01    1.607153e+01    
440.0           1.594714e+01    1.594714e+01    
441.0           1.530594e+01    1.530594e+01    
442.0           1.583974e+01    1.583974e+01    
443.0           1.568083e+01    1.568083e+01    
444.0           1.535528e+01    1.535528e+01    
445.0           1.576355e+01    1.576355e+01    
446.0           1.549831e+01    1.549831e+01    
447.0           1.638715e+01    1.638715e+01    
448.0           1.629946e+01    1.629946e+01    
449.0           1.630737e+01    1.630737e+01    
450.0           1.588227e+01    1.588227e+01    
451.0           1.530202e+01    1.530202e+01    
452.0           1.625692e+01    1.625692e+01    
453.0           1.676506e+01    1.676506e+01    
454.0           1.598932e+01    1.598932e+01    
455.0           1.664491e+01    1.664491e+01    
456.0           1.705025e+01    1.705025e+01    
457.0           1.616154e+01    1.616154e+01    
458.0           1.705850e+01    1.705850e+01    
459.0           1.670991e+01    1.670991e+01    
460.0           1.680237e+01    1.680237e+01    
461.0           1.758601e+01    1.758601e+01    
462.0           1.666274e+01    1.666274e+01    
463.0           1.710697e+01    1.710697e+01    
464.0           1.678935e+01    1.678935e+01    
465.0           1.768331e+01    1.768331e+01    
466.0           1.794705e+01    1.794705e+01    
467.0           1.699109e+01    1.699109e+01    
468.0           1.693581e+01    1.693581e+01    
469.0           1.765658e+01    1.765658e+01    
470.0           1.803306e+01    1.803306e+01    
471.0           1.870928e+01    1.870928e+01    
472.0           1.900878e+01    1.900878e+01    
473.0           1.852880e+01    1.852880e+01    
474.0           1.809764e+01    1.809764e+01    
475.0           1.861247e+01    1.861247e+01    
476.0           1.804227e+01    1.804227e+01    
477.0           1.849831e+01    1.849831e+01    
478.0           1.891029e+01    1.891029e+01    
479.0           1.894894e+01    1.894894e+01    
480.0           1.941428e+01    1.941428e+01    
481.0           1.978647e+01    1.978647e+01    
482.0           1.892952e+01    1.892952e+01    
483.0           1.902649e+01    1.902649e+01    
484.0           1.855232e+01    1.855232e+01    
485.0           1.766659e+01    1.766659e+01    
486.0           1.866334e+01    1.866334e+01    
487.0           1.945279e+01    1.945279e+01    
488.0           1.971109e+01    1.971109e+01    
489.0           2.062963e+01    2.062963e+01    
490.0           2.014240e+01    2.014240e+01    
491.0           1.948751e+01    1.948751e+01    
492.0           1.889851e+01    1.889851e+01    
493.0           1.913582e+01    1.913582e+01    
494.0           1.928769e+01    1.928769e+01    
495.0           1.961492e+01    1.961492e+01    
496.0           1.907205e+01    1.907205e+01    
497.0           1.837116e+01    1.837116e+01    
498.0           1.892626e+01    1.892626e+01    
499.0           1.862300e+01    1.862300e+01    
500.0           1.843777e+01    1.843777e+01    
501.0           1.912448e+01    1.912448e+01    
502.0           1.846947e+01    1.846947e+01    
503.0           1.800331e+01    1.800331e+01    
504.0           1.830860e+01    1.830860e+01    
505.0           1.757364e+01    1.757364e+01    
506.0           1.806855e+01    1.806855e+01    
507.0           1.761628e+01    1.761628e+01    
508.0           1.676672e+01    1.676672e+01    
509.0           1.666933e+01    1.666933e+01    
510.0           1.765101e+01    1.765101e+01    
511.0           1.854825e+01    1.854825e+01    
512.0           1.757755e+01    1.757755e+01    
513.0           1.818084e+01    1.818084e+01    
514.0           1.786994e+01    1.786994e+01    
515.0           1.716948e+01    1.716948e+01    
516.0           1.766883e+01    1.766883e+01    
517.0           1.857126e+01    1.857126e+01    
518.0           1.791522e+01    1.791522e+01    
519.0           1.783783e+01    1.783783e+01    
520.0           1.826926e+01    1.826926e+01    
521.0           1.894885e+01    1.894885e+01    
522.0           1.959223e+01    1.959223e+01    
523.0           1.972839e+01    1.972839e+01    
524.0           1.974554e+01    1.974554e+01    
525.0           2.064695e+01    2.064695e+01    
526.0           2.131862e+01    2.131862e+01    
527.0           2.115808e+01    2.115808e+01    
528.0           2.153515e+01    2.153515e+01    
529.0           2.076770e+01    2.076770e+01    
530.0           2.097462e+01    2.097462e+01    
531.0           2.176300e+01    2.176300e+01    
532.0           2.159534e+01    2.159534e+01    
533.0           2.153363e+01    2.153363e+01    
534.0           2.211541e+01    2.211541e+01    
535.0           2.222803e+01    2.222803e+01    
536.0           2.172505e+01    2.172505e+01    
537.0           2.077665e+01    2.077665e+01    
538.0           2.116686e+01    2.116686e+01    
539.0           2.021025e+01    2.021025e+01    
540.0           1.921769e+01    1.921769e+01    
541.0           1.960653e+01    1.960653e+01    
542.0           1.912755e+01    1.912755e+01    
543.0           1.889237e+01    1.889237e+01    
544.0           1.881749e+01    1.881749e+01    
545.0           1.848920e+01    1.848920e+01    
546.0           1.924053e+01    1.924053e+01    
547.0           1.849788e+01    1.849788e+01    
548.0           1.913097e+01    1.913097e+01    
549.0           1.988093e+01    1.988093e+01    
550.0           1.932815e+01    1.932815e+01    
551.0           1.834691e+01    1.834691e+01    
552.0           1.773832e+01    1.773832e+01    
553.0           1.745594e+01    1.745594e+01    
554.0           1.725203e+01    1.725203e+01    
555.0           1.688092e+01    1.688092e+01    
556.0           1.650630e+01    1.650630e+01    
557.0           1.608357e+01    1.608357e+01    
558.0           1.551807e+01    1.551807e+01    
559.0           1.478449e+01    1.478449e+01    
560.0           1.427572e+01    1.427572e+01    
561.0           1.430618e+01    1.430618e+01    
562.0           1.364340e+01    1.364340e+01    
563.0           1.313463e+01    1.313463e+01    
564.0           1.343141e+01    1.343141e+01    
565.0           1.339028e+01    1.339028e+01    
566.0           1.378811e+01    1.378811e+01    
567.0           1.366161e+01    1.366161e+01    
568.0           1.311216e+01    1.311216e+01    
569.0           1.332161e+01    1.332161e+01    
570.0           1.357961e+01    1.357961e+01    
571.0           1.296041e+01    1.296041e+01    
572.0           1.223134e+01    1.223134e+01    
573.0           1.163964e+01    1.163964e+01    
574.0           1.127170e+01    1.127170e+01    
575.0           1.209844e+01    1.209844e+01    
576.0           1.130618e+01    1.130618e+01    
577.0           1.100786e+01    1.100786e+01    
578.0           1.163347e+01    1.163347e+01    
579.0           1.077372e+01    1.077372e+01    
580.0           1.058532e+01    1.058532e+01    
581.0           1.114453e+01    1.114453e+01    
582.0           1.150545e+01    1.150545e+01    
583.0           1.223734e+01    1.223734e+01    
584.0           1.236968e+01    1.236968e+01    
585.0           1.144225e+01    1.144225e+01    
586.0           1.104179e+01    1.104179e+01    
587.0           1.085523e+01    1.085523e+01    
588.0           1.099134e+01    1.099134e+01    
589.0           1.153629e+01    1.153629e+01    
590.0           1.152744e+01    1.152744e+01    
591.0           1.169774e+01    1.169774e+01    
592.0           1.189855e+01    1.189855e+01    
593.0           1.148855e+01    1.148855e+01    
594.0           1.056893e+01    1.056893e+01    
595.0           1.015934e+01    1.015934e+01    
596.0           1.094303e+01    1.094303e+01    
597.0           1.038841e+01    1.038841e+01    
598.0           9.655651e+00    9.655651e+00    
599.0           1.057742e+01    1.057742e+01    
600.0           1.152726e+01    1.152726e+01    
601.0           1.128210e+01    1.128210e+01    
602.0           1.082629e+01    1.082629e+01    
603.0           1.138643e+01    1.138643e+01    
604.0           1.199525e+01    1.199525e+01    
605.0           1.267952e+01    1.267952e+01    
606.0           1.170139e+01    1.170139e+01    
607.0           1.176295e+01    1.176295e+01    
608.0           1.179042e+01    1.179042e+01    
609.0           1.170109e+01    1.170109e+01    
610.0           1.070904e+01    1.070904e+01    
611.0           1.023786e+01    1.023786e+01    
612.0           9.707880e+00    9.707880e+00    
613.0           1.046753e+01    1.046753e+01    
614.0           1.018513e+01    1.018513e+01    
615.0           1.062451e+01    1.062451e+01    
616.0           1.028670e+01    1.028670e+01    
617.0           1.085228e+01    1.085228e+01    
618.0           1.142355e+01    1.142355e+01    
619.0           1.208500e+01    1.208500e+01    
620.0           1.226950e+01    1.226950e+01    
621.0           1.245968e+01    1.245968e+01    
622.0           1.193462e+01    1.193462e+01    
623.0           1.148277e+01    1.148277e+01    
624.0           1.135330e+01    1.135330e+01    
625.0           1.191209e+01    1.191209e+01    
626.0           1.239177e+01    1.239177e+01    
627.0           1.259641e+01    1.259641e+01    
628.0           1.341521e+01    1.341521e+01    
629.0           1.347546e+01    1.347546e+01    
630.0           1.425769e+01    1.425769e+01    
631.0           1.354795e+01    1.354795e+01    
632.0           1.327133e+01    1.327133e+01    
633.0           1.297625e+01    1.297625e+01    
634.0           1.213111e+01    1.213111e+01    
635.0           1.217959e+01    1.217959e+01    
636.0           1.306529e+01    1.306529e+01    
637.0           1.211195e+01    1.211195e+01    
638.0           1.269449e+01    1.269449e+01    
639.0           1.234388e+01    1.234388e+01    
640.0           1.283514e+01    1.283514e+01    
641.0           1.188392e+01    1.188392e+01    
642.0           1.202104e+01    1.202104e+01    
643.0           1.140610e+01    1.140610e+01    
644.0           1.092414e+01    1.092414e+01    
645.0           1.123383e+01    1.123383e+01    
646.0           1.216682e+01    1.216682e+01    
647.0           1.194217e+01    1.194217e+01    
648.0           1.293115e+01    1.293115e+01    
649.0           1.329458e+01    1.329458e+01    
650.0           1.367994e+01    1.367994e+01    
651.0           1.390172e+01    1.390172e+01    
652.0           1.409102e+01    1.409102e+01    
653.0           1.422230e+01    1.422230e+01    
654.0           1.415411e+01    1.415411e+01    
655.0           1.464424e+01    1.464424e+01    
656.0           1.458417e+01    1.458417e+01    
657.0           1.360847e+01    1.360847e+01    
658.0           1.348846e+01    1.348846e+01    
659.0           1.249534e+01    1.249534e+01    
660.0           1.154701e+01    1.154701e+01    
661.0           1.223041e+01    1.223041e+01    
662.0           1.133874e+01    1.133874e+01    
663.0           1.206134e+01    1.206134e+01    
664.0           1.274174e+01    1.274174e+01    
665.0           1.363394e+01    1.363394e+01    
666.0           1.460789e+01    1.460789e+01    
667.0           1.373329e+01    1.373329e+01    
668.0           1.419496e+01    1.419496e+01    
669.0           1.400394e+01    1.400394e+01    
670.0           1.397528e+01    1.397528e+01    
671.0           1.485525e+01    1.485525e+01    
672.0           1.487934e+01    1.487934e+01    
673.0           1.521759e+01    1.521759e+01    
674.0           1.565475e+01    1.565475e+01    
675.0           1.517785e+01    1.517785e+01    
676.0           1.494149e+01    1.494149e+01    
677.0           1.414021e+01    1.414021e+01    
678.0           1.505134e+01    1.505134e+01    
679.0           1.571506e+01    1.571506e+01    
680.0           1.532230e+01    1.532230e+01    
681.0           1.436533e+01    1.436533e+01    
682.0           1.400525e+01    1.400525e+01    
683.0           1.322148e+01    1.322148e+01    
684.0           1.312311e+01    1.312311e+01    
685.0           1.396928e+01    1.396928e+01    
686.0           1.411964e+01    1.411964e+01    
687.0           1.345733e+01    1.345733e+01    
688.0           1.399206e+01    1.399206e+01    
689.0           1.369542e+01    1.369542e+01    
690.0           1.451564e+01    1.451564e+01    
691.0           1.446072e+01    1.446072e+01    
692.0           1.539039e+01    1.539039e+01    
693.0           1.555456e+01    1.555456e+01    
694.0           1.649390e+01    1.649390e+01    
695.0           1.745026e+01    1.745026e+01    
696.0           1.809753e+01    1.809753e+01    
697.0           1.737661e+01    1.737661e+01    
698.0           1.725730e+01    1.725730e+01    
699.0           1.698610e+01    1.698610e+01    
700.0           1.697723e+01    1.697723e+01    
701.0           1.762248e+01    1.762248e+01    
702.0           1.731324e+01    1.731324e+01    
703.0           1.687424e+01    1.687424e+01    
704.0           1.710448e+01    1.710448e+01    
705.0           1.801734e+01    1.801734e+01    
706.0           1.867738e+01    1.867738e+01    
707.0           1.925723e+01    1.925723e+01    
708.0           1.909422e+01    1.909422e+01    
709.0           1.854326e+01    1.854326e+01    
710.0           1.879266e+01    1.879266e+01    
711.0           1.864416e+01    1.864416e+01    
712.0           1.912845e+01    1.912845e+01    
713.0           1.928425e+01    1.928425e+01    
714.0           1.940900e+01    1.940900e+01    
715.0           1.954422e+01    1.954422e+01    
716.0           1.999809e+01    1.999809e+01    
717.0           1.979735e+01    1.979735e+01    
718.0           1.978932e+01    1.978932e+01    
719.0           1.913106e+01    1.913106e+01    
720.0           1.870920e+01    1.870920e+01    
721.0           1.834080e+01    1.834080e+01    
722.0           1.876680e+01    1.876680e+01    
723.0           1.822964e+01    1.822964e+01    
724.0           1.910134e+01    1.910134e+01    
725.0           1.967464e+01    1.967464e+01    
726.0           1.962714e+01    1.962714e+01    
727.0           2.013342e+01    2.013342e+01    
728.0           1.973723e+01    1.973723e+01    
729.0           2.050940e+01    2.050940e+01    
730.0           2.077672e+01    2.077672e+01    
731.0           2.057728e+01    2.057728e+01    
732.0           2.129890e+01    2.129890e+01    
733.0           2.126591e+01    2.126591e+01    
734.0           2.093450e+01    2.093450e+01    
735.0           2.086071e+01    2.086071e+01    
736.0           2.111538e+01    2.111538e+01    
737.0           2.087281e+01    2.087281e+01    
738.0           2.140098e+01    2.140098e+01    
739.0           2.088677e+01    2.088677e+01    
740.0           2.050096e+01    2.050096e+01    
741.0           2.111876e+01    2.111876e+01    
742.0           2.106241e+01    2.106241e+01    
743.0           2.100439e+01    2.100439e+01    
744.0           2.055092e+01    2.055092e+01    
745.0           1.984313e+01    1.984313e+01    
746.0           1.943202e+01    1.943202e+01    
747.0           2.026549e+01    2.026549e+01    
748.0           2.117394e+01    2.117394e+01    
749.0           2.124238e+01    2.124238e+01    
750.0           2.046324e+01    2.046324e+01    
751.0           2.128416e+01    2.128416e+01    
752.0           2.168635e+01    2.168635e+01    
753.0           2.203924e+01    2.203924e+01    
754.0           2.234143e+01    2.234143e+01    
755.0           2.156159e+01    2.156159e+01    
756.0           2.250364e+01    2.250364e+01    
757.0           2.345848e+01    2.345848e+01    
758.0           2.322203e+01    2.322203e+01    
759.0           2.316950e+01    2.316950e+01    
760.0           2.358912e+01    2.358912e+01    
761.0           2.412598e+01    2.412598e+01    
762.0           2.318256e+01    2.318256e+01    
763.0           2.231474e+01    2.231474e+01    
764.0           2.160742e+01    2.160742e+01    
765.0           2.140768e+01    2.140768e+01    
766.0           2.174565e+01    2.174565e+01    
767.0           2.078931e+01    2.078931e+01    
768.0           2.143363e+01    2.143363e+01    
769.0           2.158088e+01    2.158088e+01    
770.0           2.145790e+01    2.145790e+01    
771.0           2.189352e+01    2.189352e+01    
772.0           2.203469e+01    2.203469e+01    
773.0           2.183365e+01    2.183365e+01    
774.0           2.242690e+01    2.242690e+01    
775.0           2.335480e+01    2.335480e+01    
776.0           2.302063e+01    2.302063e+01    
777.0           2.266680e+01    2.266680e+01    
778.0           2.167499e+01    2.167499e+01    
779.0           2.230074e+01    2.230074e+01    
780.0           2.160745e+01    2.160745e+01    
781.0           2.107946e+01    2.107946e+01    
782.0           2.191361e+01    2.191361e+01    
783.0           2.173337e+01    2.173337e+01    
784.0           2.159242e+01    2.159242e+01    
785.0           2.220123e+01    2.220123e+01    
786.0           2.212672e+01    2.212672e+01    
787.0           2.144082e+01    2.144082e+01    
788.0           2.146508e+01    2.146508e+01    
789.0           2.104322e+01    2.104322e+01    
790.0           2.042496e+01    2.042496e+01    
791.0           2.012360e+01    2.012360e+01    
792.0           1.921401e+01    1.921401e+01    
793.0           2.002573e+01    2.002573e+01    
794.0           1.924502e+01    1.924502e+01    
795.0           1.895564e+01    1.895564e+01    
796.0           1.799028e+01    1.799028e+01    
797.0           1.715263e+01    1.715263e+01    
798.0           1.737018e+01    1.737018e+01    
799.0           1.709407e+01    1.709407e+01    
800.0           1.680351e+01    1.709407e+01    
801.0           1.739106e+01    1.680351e+01    
802.0           1.768872e+01    1.739106e+01    
803.0           1.804768e+01    1.768872e+01    
804.0           1.710519e+01    1.768872e+01    
805.0           1.723043e+01    1.804768e+01    
806.0           1.733660e+01    1.710519e+01    
807.0           1.756129e+01    1.723043e+01    
808.0           1.670710e+01    1.723043e+01    
809.0           1.678661e+01    1.733660e+01    
810.0           1.713948e+01    1.756129e+01    
811.0           1.802205e+01    1.670710e+01    
812.0           1.823973e+01    1.670710e+01    
813.0           1.843541e+01    1.678661e+01    
814.0           1.932739e+01    1.713948e+01    
815.0           1.859429e+01    1.802205e+01    
816.0           1.952666e+01    1.802205e+01    
817.0           1.905474e+01    1.823973e+01    
818.0           1.959175e+01    1.843541e+01    
819.0           1.959129e+01    1.932739e+01    
820.0           1.908616e+01    1.932739e+01    
821.0           1.977597e+01    1.859429e+01    
822.0           1.894098e+01    1.952666e+01    
823.0           1.924622e+01    1.905474e+01    
824.0           1.872051e+01    1.905474e+01    
825.0           1.794348e+01    1.959175e+01    
826.0           1.773548e+01    1.959129e+01    
827.0           1.829935e+01    1.908616e+01    
828.0           1.806679e+01    1.908616e+01    
829.0           1.800585e+01    1.977597e+01    
830.0           1.799730e+01    1.894098e+01    
831.0           1.792548e+01    1.924622e+01    
832.0           1.831039e+01    1.924622e+01    
833.0           1.856331e+01    1.872051e+01    
834.0           1.784270e+01    1.794348e+01    
835.0           1.873377e+01    1.773548e+01    
836.0           1.925400e+01    1.773548e+01    
837.0           1.902411e+01    1.829935e+01    
838.0           1.892814e+01    1.806679e+01    
839.0           1.813180e+01    1.800585e+01    
840.0           1.884001e+01    1.800585e+01    
841.0           1.852644e+01    1.799730e+01    
842.0           1.938160e+01    1.792548e+01    
843.0           1.950745e+01    1.831039e+01    
844.0           2.029440e+01    1.831039e+01    
845.0           2.121388e+01    1.856331e+01    
846.0           2.206142e+01    1.784270e+01    
847.0           2.269467e+01    1.873377e+01    
848.0           2.254329e+01    1.873377e+01    
849.0           2.285933e+01    1.925400e+01    
850.0           2.239419e+01    1.902411e+01    
851.0           2.230398e+01    1.892814e+01    
852.0           2.170134e+01    1.892814e+01    
853.0           2.146696e+01    1.813180e+01    
854.0           2.074195e+01    1.884001e+01    
855.0           1.996467e+01    1.852644e+01    
856.0           2.049287e+01    1.852644e+01    
857.0           2.009176e+01    1.938160e+01    
858.0           2.048625e+01    1.950745e+01    
859.0           1.959296e+01    2.029440e+01    
860.0           1.969249e+01    2.029440e+01    
861.0           1.895390e+01    2.121388e+01    
862.0           1.804338e+01    2.206142e+01    
863.0           1.872005e+01    2.269467e+01    
864.0           1.831166e+01    2.269467e+01    
865.0           1.923844e+01    2.254329e+01    
866.0           2.009071e+01    2.285933e+01    
867.0           2.093425e+01    2.239419e+01    
868.0           2.056191e+01    2.239419e+01    
869.0           2.001158e+01    2.230398e+01    
870.0           1.963883e+01    2.170134e+01    
871.0           1.986403e+01    2.146696e+01    
872.0           2.084321e+01    2.146696e+01    
873.0           2.170118e+01    2.074195e+01    
874.0           2.147797e+01    1.996467e+01    
875.0           2.110265e+01    2.049287e+01    
876.0           2.038813e+01    2.049287e+01    
877.0           1.983283e+01    2.009176e+01    
878.0           2.021003e+01    2.048625e+01    
879.0           2.030029e+01    1.959296e+01    
880.0           1.998869e+01    1.959296e+01    
881.0           2.043275e+01    1.969249e+01    
882.0           1.979946e+01    1.895390e+01    
883.0           2.057688e+01    1.804338e+01    
884.0           1.969273e+01    1.804338e+01    
885.0           1.895524e+01    1.872005e+01    
886.0           1.958737e+01    1.831166e+01    
887.0           1.968708e+01    1.923844e+01    
888.0           1.973119e+01    1.923844e+01    
889.0           1.901555e+01    2.009071e+01    
890.0           1.926292e+01    2.093425e+01    
891.0           2.024936e+01    2.056191e+01    
892.0           2.047596e+01    2.056191e+01    
893.0           2.085868e+01    2.001158e+01    
894.0           2.162576e+01    1.963883e+01    
895.0           2.208240e+01    1.986403e+01    
896.0           2.218008e+01    1.986403e+01    
897.0           2.162094e+01    2.084321e+01    
898.0           2.235066e+01    2.170118e+01    
899.0           2.152569e+01    2.170118e+01    
900.0           2.086893e+01    2.147797e+01    
901.0           2.129359e+01    2.110265e+01    
902.0           2.163366e+01    2.038813e+01    
903.0           2.180564e+01    2.038813e+01    
904.0           2.228126e+01    1.983283e+01    
905.0           2.312768e+01    2.021003e+01    
906.0           2.280435e+01    2.030029e+01    
907.0           2.229530e+01    2.030029e+01    
908.0           2.245375e+01    1.998869e+01    
909.0           2.227465e+01    2.043275e+01    
910.0           2.298518e+01    1.979946e+01    
911.0           2.215327e+01    1.979946e+01    
912.0           2.265103e+01    2.057688e+01    
913.0           2.299010e+01    1.969273e+01    
914.0           2.391247e+01    1.895524e+01    
915.0           2.456729e+01    1.895524e+01    
916.0           2.511634e+01    1.958737e+01    
917.0           2.598687e+01    1.968708e+01    
918.0           2.635758e+01    1.973119e+01    
919.0           2.691883e+01    1.973119e+01    
920.0           2.780426e+01    1.901555e+01    
921.0           2.875947e+01    1.926292e+01    
922.0           2.844917e+01    2.024936e+01    
923.0           2.887770e+01    2.024936e+01    
924.0           2.810819e+01    2.047596e+01    
925.0           2.816369e+01    2.085868e+01    
926.0           2.784916e+01    2.162576e+01    
927.0           2.797984e+01    2.162576e+01    
928.0           2.885977e+01    2.208240e+01    
929.0           2.947437e+01    2.218008e+01    
930.0           2.942548e+01    2.162094e+01    
931.0           2.988738e+01    2.162094e+01    
932.0           2.980674e+01    2.235066e+01    
933.0           2.880915e+01    2.152569e+01    
934.0           2.904478e+01    2.086893e+01    
935.0           2.952696e+01    2.086893e+01    
936.0           2.961850e+01    2.129359e+01    
937.0           2.944828e+01    2.163366e+01    
938.0           2.962665e+01    2.180564e+01    
939.0           2.890181e+01    2.180564e+01    
940.0           2.847585e+01    2.228126e+01    
941.0           2.844865e+01    2.312768e+01    
942.0           2.890909e+01    2.280435e+01    
943.0           2.882289e+01    2.280435e+01    
944.0           2.872244e+01    2.229530e+01    
945.0           2.929535e+01    2.245375e+01    
946.0           2.872176e+01    2.227465e+01    
947.0           2.835678e+01    2.227465e+01    
948.0           2.814078e+01    2.298518e+01    
949.0           2.840554e+01    2.215327e+01    
950.0           2.819956e+01    2.265103e+01    
951.0           2.869149e+01    2.265103e+01    
952.0           2.841481e+01    2.299010e+01    
953.0           2.934757e+01    2.391247e+01    
954.0           2.954407e+01    2.456729e+01    
955.0           2.862641e+01    2.456729e+01    
956.0           2.950438e+01    2.511634e+01    
957.0           2.991284e+01    2.598687e+01    
958.0           2.990457e+01    2.635758e+01    
959.0           3.024946e+01    2.635758e+01    
960.0           3.023453e+01    2.691883e+01    
961.0           3.092920e+01    2.780426e+01    
962.0           2.995350e+01    2.875947e+01    
963.0           3.082250e+01    2.875947e+01    
964.0           3.164368e+01    2.844917e+01    
965.0           3.118245e+01    2.887770e+01    
966.0           3.202354e+01    2.810819e+01    
967.0           3.170617e+01    2.810819e+01    
968.0           3.179050e+01    2.816369e+01    
969.0           3.126679e+01    2.784916e+01    
970.0           3.150456e+01    2.797984e+01    
971.0           3.056655e+01    2.797984e+01    
972.0           3.003885e+01    2.885977e+01    
973.0           2.986616e+01    2.947437e+01    
974.0           2.981934e+01    2.942548e+01    
975.0           3.036893e+01    2.942548e+01    
976.0           3.057365e+01    2.988738e+01    
977.0           3.012556e+01    2.980674e+01    
978.0           3.095620e+01    2.880915e+01    
979.0           3.102855e+01    2.880915e+01    
980.0           3.029850e+01    2.904478e+01    
981.0           3.065579e+01    2.952696e+01    
982.0           3.148514e+01    2.961850e+01    
983.0           3.230429e+01    2.961850e+01    
984.0           3.257730e+01    2.944828e+01    
985.0           3.257553e+01    2.962665e+01    
986.0           3.347191e+01    2.890181e+01    
987.0           3.283877e+01    2.890181e+01    
988.0           3.275833e+01    2.847585e+01    
989.0           3.208174e+01    2.844865e+01    
990.0           3.198060e+01    2.890909e+01    
991.0           3.141770e+01    2.890909e+01    
992.0           3.130883e+01    2.882289e+01    
993.0           3.060319e+01    2.872244e+01    
994.0           3.117143e+01    2.929535e+01    
995.0           3.179175e+01    2.929535e+01    
996.0           3.094223e+01    2.872176e+01    
997.0           3.088228e+01    2.835678e+01    
998.0           3.060494e+01    2.814078e+01    
999.0           3.102704e+01    2.814078e+01    
1000.0          3.058819e+01    2.840554e+01    
1001.0          3.059695e+01    2.819956e+01    
1002.0          3.150755e+01    2.869149e+01    
1003.0          3.057367e+01    2.869149e+01    
1004.0          3.068764e+01    2.841481e+01    
1005.0          3.062803e+01    2.934757e+01    
1006.0          3.068656e+01    2.954407e+01    
1007.0          3.031750e+01    2.954407e+01    
1008.0          3.034120e+01    2.862641e+01    
1009.0          3.004740e+01    2.950438e+01    
1010.0          3.075420e+01    2.991284e+01    
1011.0          3.005733e+01    2.991284e+01    
1012.0          3.054948e+01    2.990457e+01    
1013.0          2.959867e+01    3.024946e+01    
1014.0          3.058176e+01    3.023453e+01    
1015.0          3.137808e+01    3.023453e+01    
1016.0          3.040822e+01    3.092920e+01    
1017.0          3.111542e+01    2.995350e+01    
1018.0          3.070450e+01    3.082250e+01    
1019.0          3.102087e+01    3.082250e+01    
1020.0          3.190929e+01    3.164368e+01    
1021.0          3.122150e+01    3.118245e+01    
1022.0          3.198738e+01    3.202354e+01    
1023.0          3.183241e+01    3.202354e+01    
1024.0          3.120116e+01    3.170617e+01    
1025.0          3.103422e+01    3.179050e+01    
1026.0          3.148981e+01    3.126679e+01    
1027.0          3.245948e+01    3.126679e+01    
1028.0          3.302894e+01    3.150456e+01    
1029.0          3.269399e+01    3.056655e+01    
1030.0          3.238468e+01    3.003885e+01    
1031.0          3.138912e+01    3.003885e+01    
1032.0          3.185430e+01    2.986616e+01    
1033.0          3.162345e+01    2.981934e+01    
1034.0          3.224348e+01    3.036893e+01    
1035.0          3.197134e+01    3.036893e+01    
1036.0          3.110064e+01    3.057365e+01    
1037.0          3.172472e+01    3.012556e+01    
1038.0          3.124446e+01    3.095620e+01    
1039.0          3.194937e+01    3.095620e+01    
1040.0          3.232702e+01    3.102855e+01    
1041.0          3.250631e+01    3.029850e+01    
1042.0          3.214539e+01    3.065579e+01    
1043.0          3.301176e+01    3.065579e+01    
1044.0          3.215748e+01    3.148514e+01    
1045.0          3.163990e+01    3.230429e+01    
1046.0          3.243575e+01    3.257730e+01    
1047.0          3.222177e+01    3.257730e+01    
1048.0          3.172886e+01    3.257553e+01    
1049.0          3.093290e+01    3.347191e+01    
1050.0          3.119600e+01    3.283877e+01    
1051.0          3.112214e+01    3.283877e+01    
1052.0          3.052126e+01    3.275833e+01    
1053.0          3.141505e+01    3.208174e+01    
1054.0          3.209293e+01    3.198060e+01    
1055.0          3.110747e+01    3.198060e+01    
1056.0          3.094998e+01    3.141770e+01    
1057.0          3.142569e+01    3.130883e+01    
1058.0          3.088091e+01    3.060319e+01    
1059.0          3.055237e+01    3.060319e+01    
1060.0          3.127695e+01    3.117143e+01    
1061.0          3.150387e+01    3.179175e+01    
1062.0          3.200865e+01    3.094223e+01    
1063.0          3.143043e+01    3.094223e+01    
1064.0          3.149249e+01    3.088228e+01    
1065.0          3.077539e+01    3.060494e+01    
1066.0          3.169964e+01    3.102704e+01    
1067.0          3.200851e+01    3.102704e+01    
1068.0          3.107542e+01    3.058819e+01    
1069.0          3.064881e+01    3.059695e+01    
1070.0          3.143256e+01    3.150755e+01    
1071.0          3.090079e+01    3.150755e+01    
1072.0          3.021067e+01    3.057367e+01    
1073.0          3.022811e+01    3.068764e+01    
1074.0          2.934480e+01    3.062803e+01    
1075.0          2.956933e+01    3.062803e+01    
1076.0          3.037874e+01    3.068656e+01    
1077.0          3.117057e+01    3.031750e+01    
1078.0          3.096805e+01    3.034120e+01    
1079.0          3.051133e+01    3.034120e+01    
1080.0          3.148058e+01    3.004740e+01    
1081.0          3.101701e+01    3.075420e+01    
1082.0          3.013023e+01    3.005733e+01    
1083.0          3.012839e+01    3.005733e+01    
1084.0          3.007488e+01    3.054948e+01    
1085.0          3.054592e+01    2.959867e+01    
1086.0          3.107200e+01    3.058176e+01    
1087.0          3.187986e+01    3.058176e+01    
1088.0          3.213208e+01    3.137808e+01    
1089.0          3.170435e+01    3.040822e+01    
1090.0          3.107918e+01    3.111542e+01    
1091.0          3.203053e+01    3.111542e+01    
1092.0          3.120093e+01    3.070450e+01    
1093.0          3.139609e+01    3.102087e+01    
1094.0          3.047491e+01    3.190929e+01    
1095.0          3.036270e+01    3.190929e+01    
1096.0          3.028880e+01    3.122150e+01    
1097.0          3.011227e+01    3.198738e+01    
1098.0          3.089632e+01    3.183241e+01    
1099.0          3.088423e+01    3.183241e+01    
1100.0          3.032677e+01    3.120116e+01    
1101.0          3.032010e+01    3.103422e+01    
1102.0          3.065125e+01    3.148981e+01    
1103.0          3.007684e+01    3.148981e+01    
1104.0          3.107394e+01    3.245948e+01    
1105.0          3.093309e+01    3.302894e+01    
1106.0          3.085956e+01    3.269399e+01    
1107.0          3.184370e+01    3.269399e+01    
1108.0          3.096323e+01    3.238468e+01    
1109.0          3.032029e+01    3.138912e+01    
1110.0          3.128247e+01    3.185430e+01    
1111.0          3.228115e+01    3.185430e+01    
1112.0          3.195261e+01    3.162345e+01    
1113.0          3.242235e+01    3.224348e+01    
1114.0          3.148048e+01    3.197134e+01    
1115.0          3.096731e+01    3.197134e+01    
1116.0          3.117174e+01    3.110064e+01    
1117.0          3.187953e+01    3.172472e+01    
1118.0          3.246752e+01    3.124446e+01    
1119.0          3.187922e+01    3.124446e+01    
1120.0          3.229354e+01    3.194937e+01    
1121.0          3.189068e+01    3.232702e+01    
1122.0          3.159423e+01    3.250631e+01    
1123.0          3.157117e+01    3.250631e+01    
1124.0          3.136455e+01    3.214539e+01    
1125.0          3.206212e+01    3.301176e+01    
1126.0          3.224820e+01    3.215748e+01    
1127.0          3.211904e+01    3.215748e+01    
1128.0          3.154571e+01    3.163990e+01    
1129.0          3.202251e+01    3.243575e+01    
1130.0          3.135288e+01    3.222177e+01    
1131.0          3.080934e+01    3.222177e+01    
1132.0          3.009730e+01    3.172886e+01    
1133.0          2.932309e+01    3.093290e+01    
1134.0          2.882942e+01    3.119600e+01    
1135.0          2.887725e+01    3.119600e+01    
1136.0          2.823803e+01    3.112214e+01    
1137.0          2.836262e+01    3.052126e+01    
1138.0          2.740809e+01    3.141505e+01    
1139.0          2.702465e+01    3.141505e+01    
1140.0          2.746833e+01    3.209293e+01    
1141.0          2.802289e+01    3.110747e+01    
1142.0          2.768645e+01    3.094998e+01    
1143.0          2.722811e+01    3.094998e+01    
1144.0          2.782235e+01    3.142569e+01    
1145.0          2.862386e+01    3.088091e+01    
1146.0          2.938181e+01    3.055237e+01    
1147.0          2.972650e+01    3.055237e+01    
1148.0          2.955128e+01    3.127695e+01    
1149.0          2.895701e+01    3.150387e+01    
1150.0          2.856441e+01    3.200865e+01    
1151.0          2.830993e+01    3.200865e+01    
1152.0          2.919310e+01    3.143043e+01    
1153.0          2.878175e+01    3.149249e+01    
1154.0          2.953620e+01    3.077539e+01    
1155.0          2.936474e+01    3.077539e+01    
1156.0          2.910047e+01    3.169964e+01    
1157.0          2.852267e+01    3.200851e+01    
1158.0          2.818699e+01    3.107542e+01    
1159.0          2.781416e+01    3.107542e+01    
1160.0          2.752871e+01    3.064881e+01    
1161.0          2.723437e+01    3.143256e+01    
1162.0          2.636632e+01    3.090079e+01    
1163.0          2.538082e+01    3.090079e+01    
1164.0          2.558058e+01    3.021067e+01    
1165.0          2.545710e+01    3.022811e+01    
1166.0          2.530463e+01    2.934480e+01    
1167.0          2.473471e+01    2.934480e+01    
1168.0          2.491320e+01    2.956933e+01    
1169.0          2.461830e+01    3.037874e+01    
1170.0          2.365176e+01    3.117057e+01    
1171.0          2.433045e+01    3.117057e+01    
1172.0          2.338508e+01    3.096805e+01    
1173.0          2.239456e+01    3.051133e+01    
1174.0          2.152432e+01    3.148058e+01    
1175.0          2.232794e+01    3.148058e+01    
1176.0          2.200812e+01    3.101701e+01    
1177.0          2.118405e+01    3.013023e+01    
1178.0          2.131590e+01    3.012839e+01    
1179.0          2.118397e+01    3.012839e+01    
1180.0          2.092007e+01    3.007488e+01    
1181.0          2.180148e+01    3.054592e+01    
1182.0          2.217600e+01    3.107200e+01    
1183.0          2.254573e+01    3.107200e+01    
1184.0          2.185809e+01    3.187986e+01    
1185.0          2.194658e+01    3.213208e+01    
1186.0          2.125377e+01    3.170435e+01    
1187.0          2.222354e+01    3.170435e+01    
1188.0          2.304280e+01    3.107918e+01    
1189.0          2.216209e+01    3.203053e+01    
1190.0          2.228289e+01    3.120093e+01    
1191.0          2.251708e+01    3.120093e+01    
1192.0          2.272528e+01    3.139609e+01    
1193.0          2.213950e+01    3.047491e+01    
1194.0          2.210231e+01    3.036270e+01    
1195.0          2.126846e+01    3.036270e+01    
