-5.0000000e+01  -4.1200406e+00  -3.8032569e+00  -2.8348698e+00
-4.9000000e+01  -4.1785084e+00  -3.8201816e+00  -2.8154151e+00
-4.8000000e+01  -4.2291450e+00  -3.8322239e+00  -2.7959605e+00
-4.7000000e+01  -4.2797816e+00  -3.8442663e+00  -2.7765058e+00
-4.6000000e+01  -4.3304181e+00  -3.8563086e+00  -2.8245105e+00
-4.5000000e+01  -4.3810547e+00  -3.8450658e+00  -2.9064086e+00
-4.4000000e+01  -4.4296367e+00  -3.8235302e+00  -2.9883067e+00
-4.3000000e+01  -4.4187600e+00  -3.8019947e+00  -2.0702048e+00
-4.2000000e+01  -4.4078834e+00  -3.7804591e+00  -2.1515449e+00
-4.1000000e+01  -4.3970067e+00  -3.8164684e+00  -2.2117134e+00


